time,ax,ay,az,acc
0.0,14234,-920,16993,30307
0.00015001500150015003,17294,-834,17090,33550
0.00030003000300030005,17294,-834,17090,33550
0.0004500450045004501,19784,-878,17190,36096
0.0006000600060006001,19784,-878,17190,36096
0.0007500750075007501,21144,-836,17226,37534
0.0009000900090009002,22348,-850,17244,38742
0.00105010501050105,23398,-815,17259,39842
0.0012001200120012002,24618,-686,17286,41218
0.0013501350135013503,25780,-638,17311,42453
0.0015001500150015003,26464,-660,17307,43111
0.0016501650165016502,27107,-609,17290,43788
0.0018001800180018003,28098,-525,17335,44908
0.0019501950195019505,29008,-460,17426,45974
0.0021002100210021,29601,-410,17451,46642
0.0022502250225022503,30218,-346,17427,47299
0.0024002400240024004,30893,-254,17428,48067
0.0025502550255025506,31334,-152,17440,48622
0.0027002700270027007,31742,-36,17468,49174
0.0028502850285028504,32346,94,17512,49952
0.0030003000300030005,32764,213,17535,50512
0.0031503150315031507,32764,339,17522,50625
0.0033003300330033004,32764,589,17496,50849
0.0034503450345034505,32764,956,17487,51207
0.0036003600360036006,32764,1300,17481,51545
0.0037503750375037508,32764,1660,17465,51889
0.003900390039003901,32764,2046,17465,52275
0.004050405040504051,32764,2406,17463,52633
0.0042004200420042,32764,2406,17463,52633
0.004350435043504351,32764,3092,17466,53322
0.004500450045004501,32764,3092,17466,53322
0.004650465046504651,32520,3410,17432,53362
0.004800480048004801,31809,3460,17363,52632
0.0049504950495049506,31107,3512,17316,51935
0.005100510051005101,30224,3455,17270,50949
0.005250525052505251,29251,3346,17228,49825
0.005400540054005401,28407,3158,17232,48797
0.005550555055505551,28407,3158,17232,48797
0.005700570057005701,26090,2420,17139,45649
0.005850585058505851,26090,2420,17139,45649
0.006000600060006001,23856,1876,17087,42819
0.006150615061506151,23856,1876,17087,42819
0.006300630063006301,21230,1208,17035,39473
0.006450645064506451,21230,1208,17035,39473
0.006600660066006601,18424,638,16957,36019
0.006750675067506751,18424,638,16957,36019
0.006900690069006901,15689,292,16888,32869
0.007050705070507052,15689,292,16888,32869
0.007200720072007201,14088,102,16814,31004
0.007350735073507351,12609,-103,16761,29267
0.0075007500750075016,11170,-222,16733,27681
0.007650765076507651,9602,-318,16680,25964
0.007800780078007802,8086,-426,16622,24282
0.00795079507950795,6649,-508,16595,22736
0.008100810081008101,5094,-573,16576,21097
0.008250825082508252,3529,-611,16539,19457
0.0084008400840084,2074,-588,16493,17979
0.008550855085508551,594,-585,16432,16441
0.008700870087008702,-916,-637,16367,14814
0.008850885088508852,-2336,-640,16314,13338
0.009000900090009001,-3727,-628,16268,11913
0.009150915091509152,-5195,-652,16232,10385
0.009300930093009302,-6716,-662,16188,8810
0.009450945094509451,-8154,-656,16120,7310
0.009600960096009602,-9479,-669,16058,5910
0.009750975097509752,-10934,-704,16000,4362
0.009900990099009901,-12432,-677,15938,2829
0.010051005100510052,-13658,-593,15902,1651
0.010201020102010202,-14859,-570,15895,466
0.010351035103510351,-16342,-650,15835,-1157
0.010501050105010502,-17820,-731,15726,-2825
0.010651065106510652,-19038,-762,15668,-4132
0.010801080108010803,-20265,-770,15675,-5360
0.010951095109510952,-21534,-771,15685,-6620
0.011101110111011102,-22622,-828,15669,-7781
0.011251125112511253,-23832,-933,15616,-9149
0.011401140114011402,-25258,-998,15549,-10707
0.011551155115511552,-26312,-1041,15528,-11825
0.011701170117011703,-26991,-1090,15539,-12542
0.011851185118511852,-28022,-1141,15511,-13652
0.012001200120012002,-29252,-1224,15469,-15007
0.012151215121512153,-29891,-1268,15491,-15668
0.012301230123012302,-29891,-1268,15491,-15668
0.012451245124512452,-31246,-1267,15533,-16980
0.012601260126012603,-31246,-1267,15533,-16980
0.012751275127512752,-32555,-1312,15466,-18401
0.012901290129012902,-32555,-1312,15466,-18401
0.013051305130513053,-32764,-1351,15516,-18599
0.013201320132013201,-32764,-1351,15516,-18599
0.013351335133513352,-32764,-1356,15508,-18612
0.013501350135013503,-32764,-1356,15508,-18612
0.013651365136513653,-32764,-1334,15523,-18575
0.013801380138013802,-32764,-1334,15523,-18575
0.013951395139513953,-32764,-1323,15525,-18562
0.014101410141014103,-32764,-1273,15533,-18504
0.014251425142514252,-32764,-1244,15554,-18454
0.014401440144014403,-32764,-1256,15565,-18455
0.014551455145514553,-32764,-1204,15560,-18408
0.014701470147014702,-31670,-1135,15621,-17184
0.014851485148514853,-31670,-1135,15621,-17184
0.015001500150015003,-29931,-1048,15801,-15178
0.015151515151515152,-29931,-1048,15801,-15178
0.015301530153015303,-28808,-1026,15812,-14022
0.015451545154515453,-28808,-1026,15770,-14064
0.015601560156015604,-27925,-924,15774,-13075
0.015751575157515754,-26829,-775,15831,-11773
0.0159015901590159,-25552,-632,15892,-10292
0.016051605160516052,-24157,-536,15946,-8747
0.016201620162016202,-23060,-474,15988,-7546
0.016351635163516353,-22376,-409,15970,-6815
0.016501650165016504,-21451,-312,15923,-5840
0.016651665166516654,-19803,-194,15957,-4040
0.0168016801680168,-17831,-90,16062,-1859
0.016951695169516952,-16222,-62,16147,-137
0.017101710171017102,-15108,-63,16162,991
0.017251725172517253,-14049,-58,16112,2005
0.017401740174017404,-12506,-86,16099,3507
0.017551755175517554,-10551,62,16186,5697
0.017701770177017705,-8769,221,16318,7770
0.017851785178517852,-7200,38,16432,9270
0.018001800180018002,-5532,-181,16516,10803
0.018151815181518153,-3836,-243,16577,12498
0.018301830183018303,-2280,-328,16612,14004
0.018451845184518454,-852,-450,16602,15300
0.018601860186018605,570,-578,16584,16576
0.01875187518751875,570,-578,16584,16576
0.018901890189018902,3771,-676,16695,19790
0.019051905190519053,3771,-676,16695,19790
0.019201920192019203,6737,-794,16849,22792
0.019351935193519354,6737,-794,16849,22792
0.019501950195019505,9851,-832,16956,25975
0.019651965196519655,11506,-852,17021,27675
0.019801980198019802,12872,-946,17067,28993
0.019951995199519953,14126,-1011,17082,30197
0.020102010201020103,15564,-962,17069,31671
0.020252025202520254,17079,-922,17073,33230
0.020402040204020404,17079,-922,17073,33230
0.020552055205520555,19598,-886,17171,35883
0.020702070207020702,19598,-886,17171,35883
0.020852085208520853,22208,-760,17250,38698
0.021002100210021003,22208,-760,17250,38698
0.021152115211521154,24416,-726,17305,40995
0.021302130213021304,24416,-726,17305,40995
0.021452145214521455,26305,-663,17316,42958
0.021602160216021606,26305,-663,17316,42958
0.021752175217521753,28252,-515,17344,45081
0.021902190219021903,28252,-515,17344,45081
0.022052205220522054,29169,-438,17433,46164
0.022202220222022204,29415,-456,17425,46384
0.022352235223522355,30004,-437,17406,46973
0.022502250225022506,30864,-341,17431,47954
0.022652265226522653,31245,-245,17433,48433
0.022802280228022803,31640,-167,17435,48908
0.022952295229522954,32466,-76,17483,49873
0.023102310231023104,32764,57,17512,50333
0.023252325232523255,32764,227,17495,50486
0.023402340234023405,32764,451,17479,50694
0.023552355235523553,32764,776,17482,51022
0.023702370237023703,32764,1148,17474,51386
0.023852385238523854,32764,1548,17460,51772
0.024002400240024004,32764,1963,17476,52203
0.024152415241524155,32764,2298,17473,52535
0.024302430243024305,32764,2648,17429,52841
0.024452445244524456,32764,3088,17408,53260
0.024602460246024603,32764,3395,17416,53575
0.024752475247524754,32764,3526,17402,53692
0.024902490249024904,32078,3629,17350,53057
0.025052505250525055,31277,3623,17295,52195
0.025202520252025205,30272,3464,17261,50997
0.025352535253525356,29347,3387,17252,49986
0.025502550255025503,28676,3288,17261,49225
0.025652565256525654,27618,2918,17223,47759
0.025802580258025804,26192,2552,17146,45890
0.025952595259525955,25080,2274,17114,44468
0.026102610261026105,24080,1928,17120,43128
0.026252625262526256,22774,1586,17105,41465
0.026402640264026403,21382,1262,17071,39715
0.026552655265526554,20024,949,17045,38018
0.026702670267026704,18615,650,17017,36282
0.026852685268526855,17226,650,17017,34893
0.027002700270027005,15774,286,16940,33000
0.027152715271527156,15774,286,16940,33000
0.027302730273027306,12662,-50,16797,29409
0.027452745274527453,12662,-50,16797,29409
0.027602760276027604,9849,-262,16725,26312
0.027752775277527755,9849,-262,16725,26312
0.027902790279027905,6816,-428,16603,22991
0.028052805280528056,6816,-428,16603,22991
0.028202820282028206,3773,-588,16540,19725
0.028352835283528353,3773,-588,16540,19725
0.028502850285028504,2277,-592,16482,18167
0.028652865286528655,799,-632,16439,16606
0.028802880288028805,-717,-647,16405,15041
0.028952895289528956,-2201,-630,16363,13532
0.029102910291029106,-3612,-664,16298,12022
0.029252925292529257,-5021,-688,16233,10524
0.029402940294029404,-6489,-681,16190,9020
0.029552955295529554,-9251,-665,16144,6228
0.029702970297029705,-9251,-665,16144,6228
0.029852985298529856,-12280,-711,16004,3013
0.030003000300030006,-12280,-711,16004,3013
0.030153015301530157,-13467,-616,15985,1902
0.030303030303030304,-14610,-561,15982,811
0.030453045304530454,-16120,-612,15906,-826
0.030603060306030605,-17616,-654,15790,-2480
0.030753075307530756,-18808,-672,15731,-3749
0.030903090309030906,-20024,-726,15710,-5040
0.031053105310531057,-21310,-787,15664,-6433
0.031203120312031207,-22434,-818,15606,-7646
0.03135313531353136,-23633,-856,15574,-8915
0.03150315031503151,-25025,-899,15570,-10354
0.03165316531653166,-26157,-942,15587,-11512
0.0318031803180318,-26983,-1016,15600,-12399
0.03195319531953195,-27971,-1128,15570,-13529
0.032103210321032104,-29061,-1218,15529,-14750
0.032253225322532254,-29795,-1235,15538,-15492
0.032403240324032405,-30335,-1262,15564,-16033
0.032553255325532555,-31092,-1318,15530,-16880
0.032703270327032706,-31915,-1316,15483,-17748
0.03285328532853286,-32476,-1272,15492,-18256
0.03300330033003301,-32764,-1274,15506,-18532
0.03315331533153316,-32764,-1308,15462,-18610
0.03330333033303331,-32764,-1362,15400,-18726
0.03345334533453346,-32764,-1430,15392,-18802
0.0336033603360336,-32764,-1430,15392,-18802
0.03375337533753375,-32764,-1452,15486,-18730
0.033903390339033904,-32764,-1452,15486,-18730
0.034053405340534054,-32764,-1331,15535,-18560
0.034203420342034205,-32764,-1331,15535,-18560
0.034353435343534355,-32764,-1306,15589,-18481
0.034503450345034506,-32697,-1278,15612,-18363
0.034653465346534656,-32312,-1226,15603,-17935
0.03480348034803481,-31870,-1186,15606,-17450
0.03495349534953496,-31022,-1160,15682,-16500
0.03510351035103511,-30131,-1092,15762,-15461
0.03525352535253526,-30131,-1092,15762,-15461
0.03540354035403541,-28842,-976,15744,-14074
0.03555355535553555,-28842,-976,15744,-14074
0.035703570357035704,-26782,-758,15886,-11654
0.035853585358535854,-26782,-758,15886,-11654
0.036003600360036005,-24319,-570,15976,-8913
0.036153615361536155,-24319,-570,15976,-8913
0.036303630363036306,-22452,-384,15988,-6848
0.036453645364536456,-22452,-384,15988,-6848
0.03660366036603661,-19922,-260,15939,-4243
0.03675367536753676,-19922,-260,15939,-4243
0.03690369036903691,-17924,-148,16034,-2038
0.03705370537053706,-16336,-71,16111,-296
0.03720372037203721,-15312,-60,16128,756
0.03735373537353736,-14330,-87,16082,1665
0.0375037503750375,-12871,-118,16085,3096
0.037653765376537654,-10926,-27,16194,5241
0.037803780378037805,-8997,134,16318,7455
0.037953795379537955,-7391,68,16404,9081
0.038103810381038106,-5823,-123,16462,10516
0.038253825382538256,-4128,-212,16507,12167
0.03840384038403841,-2512,-284,16562,13766
0.03855385538553856,-1057,-411,16614,15146
0.03870387038703871,345,-555,16632,16422
0.03885388538853886,1818,-632,16647,17833
0.03900390039003901,3448,-621,16710,19537
0.03915391539153916,5123,-633,16786,21276
0.03930393039303931,6582,-729,16818,22671
0.039453945394539454,7922,-825,16832,23929
0.039603960396039604,9528,-832,16879,25575
0.039753975397539755,11276,-832,16938,27382
0.039903990399039906,12728,-904,16962,28786
0.040054005400540056,13960,-950,16966,29976
0.04020402040204021,15374,-899,16981,31456
0.04035403540354036,16965,-838,17037,33164
0.04050405040504051,18310,-828,17108,34590
0.04065406540654066,19408,-833,17129,35704
0.04080408040804081,20699,-818,17124,37005
0.04095409540954096,22072,-762,17156,38466
0.04110411041104111,23138,-742,17210,39606
0.04125412541254126,24194,-728,17262,40728
0.041404140414041404,25420,-678,17317,42059
0.041554155415541555,26296,-695,17348,42949
0.041704170417041705,26296,-695,17348,42949
0.041854185418541856,27934,-519,17408,44823
0.04200420042004201,27934,-519,17408,44823
0.04215421542154216,29435,-450,17486,46471
0.04230423042304231,29435,-450,17486,46471
0.04245424542454246,30700,-297,17492,47895
0.04260426042604261,30700,-297,17492,47895
0.04275427542754276,31648,-124,17492,49016
0.04290429042904291,31648,-124,17492,49016
0.04305430543054306,32764,172,17536,50472
0.04320432043204321,32764,172,17536,50472
0.043354335433543355,32764,352,17520,50636
0.043504350435043505,32764,554,17480,50798
0.043654365436543656,32764,884,17472,51120
0.043804380438043806,32764,1222,17487,51473
0.04395439543954396,32764,1620,17512,51896
0.04410441044104411,32764,2064,17512,52340
0.04425442544254426,32764,2398,17481,52643
0.04440444044404441,32764,3032,17410,53206
0.04455445544554456,32764,3032,17410,53206
0.04470447044704471,32764,3382,17448,53594
0.04485448544854486,32764,3382,17448,53594
0.04500450045004501,32273,3493,17438,53204
0.045154515451545155,31289,3503,17369,52161
0.045304530453045305,30324,3356,17292,50972
0.045454545454545456,29359,3154,17229,49742
0.045604560456045606,28572,3059,17210,48841
0.04575457545754576,27762,2860,17228,47850
0.04590459045904591,26471,2459,17200,46130
0.04605460546054606,25148,2106,17142,44396
0.04620462046204621,24181,1848,17113,43142
0.04635463546354636,23077,1538,17081,41696
0.04650465046504651,21609,1206,17043,39858
0.04665466546654666,20155,948,17016,38119
0.04680468046804681,18844,707,16973,36524
0.04695469546954696,17468,482,16921,34871
0.047104710471047105,15973,330,16884,33187
0.047254725472547256,14466,184,16854,31504
0.047404740474047406,13014,10,16813,29837
0.04755475547554756,11532,-151,16742,28123
0.04770477047704771,9955,-278,16659,26336
0.04785478547854786,8448,-344,16609,24713
0.04800480048004801,7058,-386,16592,23264
0.04815481548154816,7058,-386,16592,23264
0.04830483048304831,3968,-427,16569,20110
0.04845484548454846,3968,-427,16569,20110
0.04860486048604861,1004,-534,16501,16971
0.04875487548754876,1004,-534,16501,16971
0.04890489048904891,-2060,-570,16347,13717
0.049054905490549056,-2060,-570,16347,13717
0.049204920492049206,-4716,-560,16280,11004
0.04935493549354936,-6212,-589,16263,9462
0.04950495049504951,-7670,-568,16216,7978
0.04965496549654966,-9101,-541,16126,6484
0.04980498049804981,-9101,-541,16126,6484
0.04995499549954996,-12012,-610,15949,3327
0.05010501050105011,-12012,-610,15949,3327
0.05025502550255026,-14560,-558,15910,792
0.05040504050405041,-14560,-558,15910,792
0.05055505550555056,-17426,-632,15820,-2238
0.05070507050705071,-17426,-632,15820,-2238
0.05085508550855086,-19980,-673,15754,-4899
0.051005100510051006,-19980,-673,15754,-4899
0.05115511551155116,-22335,-801,15641,-7495
0.05130513051305131,-22335,-801,15641,-7495
0.05145514551455146,-23465,-859,15662,-8662
0.05160516051605161,-24904,-958,15672,-10190
0.05175517551755176,-26148,-1033,15644,-11537
0.05190519051905191,-26916,-1076,15618,-12374
0.05205520552055206,-27810,-1117,15605,-13322
0.05220522052205221,-28940,-1220,15592,-14568
0.05235523552355236,-29671,-1258,15602,-15327
0.05250525052505251,-30234,-1238,15602,-15870
0.05265526552655266,-31202,-1306,15540,-16968
0.052805280528052806,-32016,-1331,15502,-17845
0.052955295529552956,-32279,-1330,15528,-18081
0.05310531053105311,-32629,-1394,15526,-18497
0.05325532553255326,-32764,-1397,15471,-18690
0.05340534053405341,-32764,-1380,15424,-18720
0.05355535553555356,-32764,-1423,15424,-18763
0.05370537053705371,-32764,-1437,15426,-18775
0.05385538553855386,-32764,-1444,15414,-18794
0.05400540054005401,-32764,-1461,15449,-18776
0.05415541554155416,-32764,-1410,15488,-18686
0.05430543054305431,-32764,-1365,15490,-18639
0.05445544554455446,-32764,-1378,15503,-18639
0.05460546054605461,-32764,-1354,15527,-18591
0.054755475547554756,-32527,-1286,15575,-18238
0.05490549054905491,-31881,-1178,15662,-17397
0.05505550555055506,-31036,-1106,15731,-16411
0.05520552055205521,-30235,-1112,15753,-15594
0.05535553555355536,-29536,-1070,15761,-14845
0.05550555055505551,-28909,-997,15770,-14136
0.05565556555655566,-28122,-907,15808,-13221
0.05580558055805581,-27038,-765,15879,-11924
0.05595559555955596,-25849,-683,15926,-10606
0.05610561056105611,-24566,-611,15966,-9211
0.05625562556255626,-23336,-611,15966,-7981
0.05640564056405641,-22583,-420,16026,-6977
0.05655565556555656,-22583,-420,16026,-6977
0.05670567056705671,-20248,-178,15912,-4514
0.05685568556855686,-20248,-178,15912,-4514
0.05700570057005701,-16706,-23,16155,-574
0.05715571557155716,-16706,-23,16155,-574
0.05730573057305731,-14500,-110,16138,1528
0.05745574557455746,-14500,-110,16138,1528
0.05760576057605761,-10795,62,16230,5497
0.05775577557755776,-10795,62,16230,5497
0.05790579057905791,-9112,169,16287,7344
0.05805580558055806,-7662,27,16316,8681
0.05820582058205821,-6055,-93,16383,10235
0.05835583558355836,-4352,-135,16496,12009
0.058505850585058514,-2786,-216,16593,13591
0.05865586558655866,-1380,-340,16629,14909
0.05880588058805881,26,-513,16622,16135
0.05895589558955896,1652,-583,16660,17729
0.05910591059105911,3446,-606,16778,19618
0.05925592559255926,6330,-778,16827,22379
0.05940594059405941,6330,-778,16827,22379
0.05955595559555956,7760,-830,16826,23756
0.05970597059705971,9404,-853,16880,25431
0.05985598559855986,11025,-840,16920,27105
0.06000600060006001,12486,-879,16928,28535
0.06015601560156016,13780,-935,16925,29770
0.060306030603060314,15168,-917,16937,31188
0.060456045604560464,16766,-868,16979,32877
0.06060606060606061,18127,-871,17032,34288
0.06075607560756076,19223,-887,17060,35396
0.06090609060906091,20556,-834,17098,36820
0.06105610561056106,21938,-773,17185,38350
0.06120612061206121,22984,-766,17268,39486
0.06135613561356136,24011,-726,17307,40592
0.06150615061506151,25219,-640,17359,41938
0.06165616561656166,26144,-625,17414,42933
0.06180618061806181,26754,-659,17397,43492
0.06195619561956196,27734,-618,17370,44486
0.06210621062106211,28887,-526,17409,45770
0.062256225622562264,29485,-474,17445,46456
0.062406240624062415,29965,-400,17448,47013
0.06255625562556257,30800,-289,17458,47969
0.06270627062706272,31334,-240,17442,48536
0.06285628562856287,31474,-193,17397,48678
0.06300630063006302,31474,-193,17397,48678
0.06315631563156317,32763,64,17486,50313
0.06330633063306332,32763,64,17486,50313
0.06345634563456345,32764,477,17498,50739
0.0636063606360636,32764,477,17498,50739
0.06375637563756376,32764,1102,17531,51397
0.0639063906390639,32764,1102,17531,51397
0.06405640564056406,32764,1776,17429,51969
0.06420642064206421,32764,2135,17453,52352
0.06435643564356436,32764,2472,17484,52720
0.06450645064506451,32764,2847,17492,53103
0.06465646564656466,32764,2847,17492,53103
0.06480648064806481,32764,3342,17482,53588
0.06495649564956496,32764,3342,17482,53588
0.06510651065106511,31369,3556,17387,52312
0.06525652565256526,31369,3556,17387,52312
0.06540654065406541,29693,3337,17285,50315
0.06555655565556556,29693,3337,17285,50315
0.06570657065706571,27908,3000,17234,48142
0.06585658565856586,27908,3000,17234,48142
0.06600660066006601,26718,2673,17186,46577
0.06615661566156616,25413,2310,17113,44836
0.06630663066306632,24320,2011,17080,43411
0.06645664566456647,23186,1690,17067,41943
0.06660666066606662,21859,1367,17049,40275
0.06675667566756677,20484,1093,17021,38598
0.06690669066906692,19105,783,16963,36851
0.06705670567056707,17708,534,16915,35157
0.0672067206720672,16246,400,16899,33545
0.06735673567356736,14654,247,16864,31765
0.0675067506750675,13118,86,16804,30008
0.06765676567656766,11696,-41,16748,28403
0.06780678067806781,10160,-160,16709,26709
0.06795679567956796,8652,-246,16696,25102
0.06810681068106811,7333,-356,16677,23654
0.06825682568256826,5890,-480,16622,22032
0.06840684068406841,4234,-526,16544,20252
0.06855685568556856,2663,-562,16492,18593
0.06870687068706871,1223,-618,16480,17085
0.06885688568856886,-302,-638,16448,15508
0.06900690069006901,-1899,-646,16380,13835
0.06915691569156916,-3349,-654,16331,12328
0.06930693069306931,-4659,-668,16314,10987
0.06945694569456946,-6042,-699,16274,9533
0.06960696069606961,-7534,-680,16199,7985
0.06975697569756976,-8944,-658,16137,6535
0.06990699069906992,-10312,-714,16091,5065
0.07005700570057007,-11798,-754,16037,3485
0.07020702070207022,-13204,-714,15977,2059
0.07035703570357037,-14427,-645,15928,856
0.07050705070507052,-15764,-598,15896,-466
0.07065706570657067,-17218,-625,15860,-1983
0.07080708070807082,-18511,-690,15821,-3380
0.07095709570957097,-19770,-739,15784,-4725
0.0711071107110711,-19770,-739,15784,-4725
0.07125712571257126,-22098,-795,15751,-7142
0.07140714071407141,-22098,-795,15751,-7142
0.07155715571557156,-24571,-938,15666,-9843
0.07170717071707171,-24571,-938,15666,-9843
0.07185718571857186,-26716,-1015,15576,-12155
0.07200720072007201,-26716,-1015,15576,-12155
0.07215721572157216,-28760,-1153,15563,-14350
0.07230723072307231,-28760,-1153,15563,-14350
0.07245724572457246,-30102,-1188,15477,-15813
0.07260726072607261,-30102,-1188,15477,-15813
0.07275727572757276,-30955,-1277,15458,-16774
0.07290729072907291,-31838,-1294,15421,-17711
0.07305730573057306,-32180,-1279,15410,-18049
0.07320732073207321,-32496,-1287,15424,-18359
0.07335733573357336,-32764,-1320,15426,-18658
0.07350735073507352,-32764,-1359,15446,-18677
0.07365736573657367,-32764,-1358,15484,-18638
0.07380738073807382,-32764,-1375,15490,-18649
0.07395739573957397,-32764,-1408,15502,-18670
0.07410741074107412,-32764,-1376,15574,-18566
0.07425742574257427,-32764,-1338,15634,-18468
0.07440744074407442,-32764,-1336,15624,-18476
0.07455745574557457,-32764,-1316,15594,-18486
0.07470747074707472,-32764,-1312,15594,-18482
0.07485748574857487,-32525,-1261,15616,-18170
0.075007500750075,-31992,-1181,15644,-17529
0.07515751575157516,-31242,-1207,15684,-16765
0.07530753075307531,-30382,-1180,15739,-15823
0.07545754575457546,-29643,-1063,15790,-14916
0.07560756075607561,-29053,-1000,15796,-14257
0.07575757575757576,-28320,-933,15764,-13489
0.07590759075907591,-27258,-824,15753,-12329
0.07605760576057606,-26019,-694,15800,-10913
0.07620762076207621,-24650,-551,15892,-9309
0.07635763576357636,-23400,-449,15968,-7881
0.07650765076507651,-22716,-436,15946,-7206
0.07665766576657666,-22126,-402,15850,-6678
0.07680768076807681,-20649,-288,15866,-5071
0.07695769576957696,-18462,-165,16045,-2582
0.07710771077107711,-16743,-87,16196,-634
0.07725772577257727,-15794,-108,16214,312
0.07740774077407742,-14743,-160,16180,1277
0.07755775577557757,-14743,-160,16180,1277
0.07770777077707772,-11199,-52,16298,5047
0.07785778577857787,-11199,-52,16298,5047
0.07800780078007802,-7869,58,16415,8604
0.07815781578157817,-7869,58,16415,8604
0.07830783078307832,-4637,-167,16548,11744
0.07845784578457847,-4637,-167,16548,11744
0.07860786078607862,-1669,-359,16611,14583
0.07875787578757876,-1669,-359,16611,14583
0.07890789078907891,1462,-498,16646,17610
0.07905790579057906,3154,-566,16697,19285
0.07920792079207921,3154,-566,16697,19285
0.07935793579357936,6095,-759,16757,22093
0.07950795079507951,6095,-759,16757,22093
0.07965796579657966,9155,-778,16882,25259
0.07980798079807981,9155,-778,16882,25259
0.07995799579957996,12298,-827,17002,28473
0.08010801080108011,12298,-827,17002,28473
0.08025802580258026,14828,-948,17019,30899
0.08040804080408041,14828,-948,17019,30899
0.08055805580558056,17983,-838,17121,34266
0.08070807080708071,17983,-838,17121,34266
0.08085808580858087,19132,-896,17146,35382
0.08100810081008102,20401,-876,17172,36697
0.08115811581158117,21789,-844,17228,38173
0.08130813081308132,22897,-806,17283,39374
0.08145814581458147,23925,-724,17311,40512
0.08160816081608162,25130,-630,17325,41825
0.08175817581758177,26132,-599,17321,42854
0.08190819081908192,26766,-617,17293,43442
0.08205820582058207,27609,-569,17298,44338
0.08220822082208222,28767,-468,17371,45670
0.08235823582358237,29508,-425,17421,46504
0.08250825082508252,29857,-415,17388,46830
0.08265826582658266,30518,-335,17374,47557
0.08280828082808281,31254,-208,17418,48464
0.08295829582958296,31591,-103,17425,48913
0.08310831083108311,31990,-6,17409,49393
0.08325832583258326,32678,119,17459,50256
0.08340834083408341,32764,268,17520,50552
0.08355835583558356,32764,466,17540,50770
0.08370837083708371,32764,738,17560,51062
0.08385838583858386,32764,1091,17580,51435
0.08400840084008401,32764,1452,17549,51765
0.08415841584158416,32764,1776,17502,52042
0.08430843084308431,32764,2138,17508,52410
0.08445844584458446,32764,2498,17512,52774
0.08460846084608462,32764,2832,17459,53055
0.08475847584758477,32764,3154,17438,53356
0.08490849084908492,32764,3353,17452,53569
0.08505850585058507,32167,3433,17388,52988
0.08520852085208522,31350,3490,17308,52148
0.08535853585358537,30796,3489,17302,51587
0.08550855085508552,29848,3376,17286,50510
0.08565856585658567,29848,3376,17286,50510
0.08580858085808582,27958,3026,17229,48213
0.08595859585958597,27958,3026,17229,48213
0.08610861086108612,25424,2332,17100,44856
0.08625862586258627,25424,2332,17100,44856
0.08640864086408642,23458,1769,17130,42357
0.08655865586558656,23458,1769,17130,42357
0.08670867086708671,20579,1037,17050,38666
0.08685868586858686,20579,1037,17050,38666
0.08700870087008701,17973,592,17051,35616
0.08715871587158716,17973,592,17051,35616
0.08730873087308731,16457,387,17000,33844
0.08745874587458746,14998,251,16950,32199
0.08760876087608761,13538,100,16895,30533
0.08775877587758776,11972,-62,16824,28734
0.08790879087908791,10393,-194,16748,26947
0.08805880588058806,8924,-286,16665,25303
0.08820882088208822,7580,-349,16596,23827
0.08835883588358837,6130,-429,16554,22255
0.08850885088508852,4473,-496,16512,20489
0.08865886588658867,2905,-527,16468,18846
0.08880888088808882,1491,-561,16424,17354
0.08895889588958897,-27,-608,16364,15729
0.08910891089108912,-1607,-648,16306,14051
0.08925892589258927,-2986,-685,16267,12596
0.08940894089408942,-4283,-700,16240,11257
0.08955895589558957,-5779,-696,16204,9729
0.08970897089708972,-7332,-693,16157,8132
0.08985898589858987,-8708,-658,16118,6752
0.09000900090009002,-10090,-650,16062,5322
0.09015901590159017,-11626,-719,15974,3629
0.09030903090309031,-13002,-722,15914,2190
0.09045904590459046,-14180,-656,15922,1086
0.09060906090609061,-15529,-651,15949,-231
0.09075907590759076,-16987,-692,15920,-1759
0.09090909090909091,-18290,-738,15835,-3193
0.09105910591059106,-19592,-781,15765,-4608
0.09120912091209121,-20940,-771,15728,-5983
0.09135913591359136,-21999,-764,15704,-7059
0.09150915091509151,-23030,-852,15673,-8209
0.09165916591659166,-24504,-983,15618,-9869
0.09180918091809182,-25884,-1056,15579,-11361
0.09195919591959197,-26695,-1049,15587,-12157
0.09210921092109212,-26695,-1049,15587,-12157
0.09225922592259227,-28659,-1208,15492,-14375
0.09240924092409242,-28659,-1208,15492,-14375
0.09255925592559257,-30031,-1214,15518,-15727
0.09270927092709272,-30031,-1214,15518,-15727
0.09285928592859287,-31711,-1288,15472,-17527
0.09300930093009302,-31711,-1288,15472,-17527
0.09315931593159317,-32541,-1342,15454,-18429
0.09330933093309332,-32541,-1342,15454,-18429
0.09345934593459347,-32764,-1358,15475,-18647
0.09360936093609362,-32764,-1358,15475,-18647
0.09375937593759377,-32764,-1332,15480,-18616
0.09390939093909392,-32764,-1288,15504,-18548
0.09405940594059407,-32764,-1288,15504,-18548
0.09420942094209421,-32764,-1358,15566,-18556
0.09435943594359436,-32764,-1358,15566,-18556
0.09450945094509451,-32764,-1333,15577,-18520
0.09465946594659466,-32764,-1333,15577,-18520
0.09480948094809481,-32568,-1247,15590,-18225
0.09495949594959496,-32568,-1247,15590,-18225
0.09510951095109511,-31288,-1054,15675,-16667
0.09525952595259526,-31288,-1054,15675,-16667
0.09540954095409541,-30438,-1065,15733,-15770
0.09555955595559557,-29666,-1018,15760,-14924
0.09570957095709572,-29108,-961,15742,-14327
0.09585958595859587,-28439,-915,15722,-13632
0.09600960096009602,-27364,-805,15758,-12411
0.09615961596159617,-26145,-674,15838,-10981
0.09630963096309632,-24882,-543,15912,-9513
0.09645964596459647,-23595,-448,15975,-8068
0.09660966096609662,-22735,-439,15992,-7182
0.09675967596759677,-22177,-393,15926,-6644
0.09690969096909692,-20927,-286,15920,-5293
0.09705970597059707,-18813,-166,16068,-2911
0.09720972097209722,-17002,-85,16210,-877
0.09735973597359737,-15959,-113,16232,160
0.09750975097509752,-14889,-122,16190,1179
0.09765976597659767,-13313,-102,16175,2760
0.09780978097809782,-11469,-28,16226,4729
0.09795979597959796,-9754,145,16301,6692
0.09810981098109811,-8210,96,16368,8254
0.09825982598259826,-6626,-138,16436,9672
0.09840984098409841,-4924,-234,16520,11362
0.09855985598559856,-3246,-298,16612,13068
0.09870987098709871,-1766,-402,16674,14506
0.09885988598859886,-358,-477,16681,15846
0.09900990099009901,1166,-558,16668,17276
0.09915991599159917,2796,-630,16692,18858
0.09930993099309932,4412,-675,16749,20486
0.09945994599459947,5886,-728,16785,21943
0.09960996099609962,7269,-802,16804,23271
0.09975997599759977,8833,-862,16853,24824
0.09990999099909992,10572,-880,16920,26612
0.10006000600060007,12101,-893,16968,28176
0.10021002100210022,13324,-893,16968,29399
0.10036003600360037,14625,-932,17014,30707
0.10051005100510052,14625,-932,17014,30707
0.10066006600660067,17702,-856,17119,33965
0.10081008100810082,17702,-856,17119,33965
0.10096009600960097,20172,-890,17187,36469
0.10111011101110112,20172,-890,17187,36469
0.10126012601260127,22617,-827,17206,38996
0.10141014101410142,22617,-827,17206,38996
0.10156015601560157,24985,-682,17298,41601
0.10171017101710172,24985,-682,17298,41601
0.10186018601860186,26007,-654,17323,42676
0.10201020102010201,26572,-618,17304,43258
0.10216021602160216,27428,-581,17311,44158
0.10231023102310231,28614,-563,17375,45426
0.10246024602460246,29320,-508,17406,46218
0.10261026102610261,29714,-451,17382,46645
0.10276027602760276,30460,-373,17410,47497
0.10291029102910292,31140,-272,17458,48326
0.10306030603060307,31355,-188,17432,48599
0.10321032103210322,31840,-62,17414,49192
0.10336033603360337,32764,120,17478,50362
0.10351035103510352,32764,325,17532,50621
0.10366036603660367,32764,546,17521,50831
0.10381038103810382,32764,788,17487,51039
0.10396039603960397,32764,1080,17478,51322
0.10411041104110412,32764,1422,17486,51672
0.10426042604260427,32764,1807,17490,52061
0.10441044104410442,32764,2168,17506,52438
0.10456045604560457,32764,2506,17513,52783
0.10471047104710472,32764,2862,17482,53108
0.10486048604860487,32764,3124,17443,53331
0.10501050105010502,32764,3262,17424,53450
0.10516051605160517,32428,3399,17427,53254
0.10531053105310532,31757,3486,17408,52651
0.10546054605460548,30783,3427,17346,51556
0.10561056105610561,29742,3256,17274,50272
0.10576057605760576,28942,3084,17223,49249
0.10591059105910591,28185,2932,17194,48311
0.10606060606060606,26994,2630,17152,46776
0.10621062106210621,25666,2248,17105,45019
0.10636063606360636,24660,1970,17101,43731
0.10651065106510652,23570,1678,17074,42322
0.10666066606660667,22134,1320,16994,40448
0.10681068106810682,20745,1049,16965,38759
0.10696069606960697,20745,1049,16965,38759
0.10711071107110712,18119,539,16986,35644
0.10726072607260727,18119,539,16986,35644
0.10741074107410742,15109,216,16890,32215
0.10756075607560757,15109,216,16890,32215
0.10771077107710772,12176,-44,16779,28911
0.10786078607860787,12176,-44,16779,28911
0.10801080108010802,9162,-304,16664,25522
0.10816081608160817,9162,-304,16664,25522
0.10831083108310832,6338,-476,16572,22434
0.10846084608460847,6338,-476,16572,22434
0.10861086108610862,4762,-511,16547,20798
0.10876087608760877,1610,-550,16425,17485
0.10891089108910892,1610,-550,16425,17485
0.10906090609060907,-1386,-596,16357,14375
0.10921092109210923,-1386,-596,16357,14375
0.10936093609360938,-4157,-582,16224,11485
0.10951095109510951,-4157,-582,16224,11485
0.10966096609660966,-7065,-596,16154,8493
0.10981098109810981,-7065,-596,16154,8493
0.10996099609960996,-9954,-572,16133,5607
0.11011101110111012,-9954,-572,16069,5543
0.11026102610261027,-11395,-635,15996,3966
0.11041104110411042,-12738,-584,15957,2635
0.11056105610561057,-13989,-538,15946,1419
0.11071107110711072,-15340,-603,15922,-21
0.11086108610861087,-16725,-629,15881,-1473
0.11101110111011102,-18025,-650,15839,-2836
0.11116111611161117,-19376,-702,15792,-4286
0.11131113111311132,-20744,-744,15745,-5743
0.11146114611461147,-21844,-796,15710,-6930
0.11161116111611162,-22847,-828,15684,-7991
0.11176117611761177,-24180,-900,15660,-9420
0.11191119111911192,-25613,-1004,15629,-10988
0.11206120612061207,-26577,-1032,15603,-12006
0.11221122112211222,-27376,-1092,15578,-12890
0.11236123612361237,-28551,-1200,15520,-14231
0.11251125112511252,-29519,-1218,15488,-15249
0.11266126612661267,-29934,-1229,15527,-15636
0.11281128112811283,-30560,-1296,15538,-16318
0.11296129612961298,-31538,-1347,15484,-17401
0.11311131113111313,-32176,-1360,15457,-18079
0.11326132613261328,-32531,-1353,15470,-18414
0.11341134113411341,-32531,-1353,15470,-18414
0.11356135613561356,-32764,-1364,15404,-18724
0.11371137113711371,-32764,-1384,15420,-18728
0.11386138613861387,-32764,-1399,15471,-18692
0.11401140114011402,-32764,-1380,15498,-18646
0.11416141614161417,-32764,-1392,15520,-18636
0.11431143114311432,-32764,-1414,15549,-18629
0.11446144614461447,-32764,-1398,15568,-18594
0.11461146114611462,-32764,-1371,15586,-18549
0.11476147614761477,-32764,-1338,15604,-18498
0.11491149114911492,-32538,-1297,15606,-18229
0.11506150615061507,-32538,-1297,15606,-18229
0.11521152115211522,-31458,-1173,15689,-16942
0.11536153615361537,-31458,-1173,15689,-16942
0.11551155115511552,-29982,-1131,15747,-15366
0.11566156615661567,-29982,-1131,15747,-15366
0.11581158115811582,-28403,-897,15785,-13515
0.11596159615961597,-28403,-897,15785,-13515
0.11611161116111612,-26274,-715,15897,-11092
0.11626162616261627,-26274,-715,15897,-11092
0.11641164116411643,-23786,-530,15981,-8335
0.11656165616561658,-23786,-530,15981,-8335
0.11671167116711673,-22888,-431,16006,-7313
0.11686168616861688,-22273,-364,15969,-6668
0.11701170117011703,-21032,-266,15952,-5346
0.11716171617161716,-18983,-125,16044,-3064
0.11731173117311731,-17184,-52,16144,-1092
0.11746174617461747,-16149,-50,16168,-31
0.11761176117611762,-15078,1,16163,1086
0.11776177617761777,-13438,0,16185,2747
0.11791179117911792,-11662,18,16228,4584
0.11806180618061807,-10056,158,16284,6386
0.11821182118211822,-8421,141,16359,8079
0.11836183618361837,-6721,-20,16441,9700
0.11851185118511852,-5092,-124,16508,11292
0.11866186618661867,-3519,-224,16558,12815
0.11881188118811882,-2037,-336,16592,14219
0.11896189618961897,-667,-455,16598,15476
0.11911191119111912,848,-555,16610,16903
0.11926192619261927,2593,-617,16674,18650
0.11941194119411942,4259,-680,16745,20324
0.11956195619561957,5759,-730,16789,21818
0.11971197119711972,7210,-794,16836,23252
0.11986198619861987,8678,-840,16890,24728
0.12001200120012002,10259,-823,16940,26376
0.12016201620162018,11823,-860,16978,27941
0.12031203120312033,13164,-940,16997,29221
0.12046204620462048,14476,-950,17024,30550
0.12061206120612063,16044,-931,17063,32176
0.12076207620762078,17591,-928,17110,33773
0.12091209120912093,18790,-937,17146,34999
0.12106210621062106,20014,-910,17173,36277
0.12121212121212122,21453,-843,17224,37834
0.12136213621362137,22634,-805,17276,39105
0.12151215121512152,22634,-805,17276,39105
0.12166216621662167,24627,-706,17294,41215
0.12181218121812182,24627,-706,17294,41215
0.12196219621962197,26478,-663,17292,43107
0.12211221122112212,26478,-663,17292,43107
0.12226222622262227,28416,-527,17328,45217
0.12241224122412242,28416,-527,17328,45217
0.12256225622562257,29710,-441,17426,46695
0.12271227122712272,29710,-441,17426,46695
0.12286228622862287,31147,-199,17449,48397
0.12301230123012302,31147,-199,17449,48397
0.12316231623162317,31498,-123,17461,48836
0.12331233123312332,31737,-47,17438,49128
0.12346234623462347,32437,75,17482,49994
0.12361236123612362,32764,386,17536,50686
0.12376237623762378,32764,386,17536,50686
0.12391239123912393,32764,929,17489,51182
0.12406240624062408,32764,929,17489,51182
0.12421242124212423,32764,1640,17449,51853
0.12436243624362438,32764,1640,17449,51853
0.12451245124512453,32764,2416,17492,52672
0.12466246624662468,32764,2416,17492,52672
0.12481248124812483,32764,2774,17476,53014
0.12496249624962497,32764,3107,17456,53327
0.12511251125112513,32764,3353,17466,53583
0.12526252625262527,32534,3513,17432,53479
0.12541254125412543,31709,3606,17370,52685
0.12556255625562557,31043,3582,17338,51963
0.12571257125712573,30176,3416,17293,50885
0.12586258625862587,29107,3284,17225,49616
0.12601260126012603,28230,3132,17190,48552
0.12616261626162617,27178,2765,17158,47101
0.12631263126312633,25909,2390,17119,45418
0.12646264626462647,24793,2118,17109,44020
0.12661266126612664,23619,1801,17090,42510
0.12676267626762677,22320,1455,17046,40821
0.1269126912691269,21062,1132,17020,39214
0.12706270627062707,19694,829,16996,37519
0.1272127212721272,18259,582,16948,35789
0.12736273627362737,16931,396,16912,34239
0.1275127512751275,15467,236,16878,32581
0.12766276627662768,13822,56,16820,30698
0.1278127812781278,12360,-108,16757,29009
0.12796279627962798,10963,-197,16690,27456
0.12811281128112811,9368,-286,16617,25699
0.12826282628262828,9368,-286,16617,25699
0.12841284128412842,6492,-473,16592,22611
0.12856285628562858,4959,-578,16563,20944
0.12871287128712872,3341,-616,16491,19216
0.12886288628862888,1893,-636,16440,17697
0.12901290129012902,438,-664,16420,16194
0.12916291629162918,-1132,-684,16394,14578
0.12931293129312932,-2630,-711,16343,13002
0.12946294629462948,-4040,-710,16294,11544
0.12961296129612962,-5453,-710,16282,10119
0.12976297629762978,-6892,-712,16260,8656
0.12991299129912992,-6892,-712,16260,8656
0.13006300630063009,-9724,-670,16093,5699
0.13021302130213022,-9724,-670,16093,5699
0.1303630363036304,-12631,-724,15964,2609
0.13051305130513052,-12631,-724,15964,2609
0.13066306630663066,-15146,-658,15928,124
0.13081308130813082,-15146,-658,15928,124
0.13096309630963096,-17970,-704,15815,-2859
0.13111311131113113,-17970,-704,15815,-2859
0.13126312631263126,-20598,-708,15761,-5545
0.13141314131413143,-20598,-704,15741,-5561
0.13156315631563156,-21758,-724,15727,-6755
0.13171317131713173,-22761,-755,15716,-7800
0.13186318631863186,-24001,-798,15694,-9105
0.13201320132013203,-25428,-878,15633,-10673
0.13216321632163217,-26444,-923,15576,-11791
0.13231323132313233,-27144,-964,15560,-12548
0.13246324632463247,-28172,-1094,15534,-13732
0.13261326132613263,-29230,-1146,15509,-14867
0.13276327632763277,-29958,-1107,15514,-15551
0.13291329132913293,-30744,-1154,15499,-16399
0.13306330633063307,-31535,-1201,15481,-17255
0.13321332133213323,-32028,-1214,15498,-17744
0.13336333633363337,-32359,-1262,15533,-18088
0.13351335133513353,-32764,-1291,15550,-18505
0.13366336633663367,-32764,-1341,15518,-18587
0.13381338133813384,-32764,-1392,15492,-18664
0.13396339633963397,-32764,-1355,15514,-18605
0.13411341134113414,-32764,-1327,15521,-18570
0.13426342634263427,-32764,-1328,15523,-18569
0.1344134413441344,-32764,-1297,15544,-18517
0.13456345634563457,-32764,-1274,15545,-18493
0.1347134713471347,-32764,-1263,15536,-18491
0.13486348634863488,-32764,-1254,15544,-18474
0.135013501350135,-32584,-1246,15550,-18280
0.13516351635163518,-32409,-1220,15550,-18079
0.1353135313531353,-31787,-1198,15598,-17387
0.13546354635463548,-30782,-1160,15689,-16253
0.13561356135613561,-29910,-1074,15759,-15225
0.13576357635763578,-29266,-1015,15778,-14503
0.13591359135913592,-28562,-977,15781,-13758
0.13606360636063608,-27628,-876,15811,-12693
0.13621362136213622,-26593,-787,15842,-11538
0.13636363636363638,-26593,-787,15842,-11538
0.13651365136513652,-23988,-586,15922,-8652
0.13666366636663668,-23988,-586,15922,-8652
0.13681368136813682,-22190,-451,15984,-6657
0.13696369636963698,-22190,-451,15984,-6657
0.13711371137113712,-19553,-212,15944,-3821
0.13726372637263728,-19553,-212,15944,-3821
0.13741374137413742,-16240,-47,16157,-130
0.13756375637563759,-16240,-47,16157,-130
0.13771377137713772,-13928,-166,16140,2046
0.1378637863786379,-13928,-166,16140,2046
0.13801380138013802,-12079,-83,16183,4021
0.1381638163816382,-10129,111,16298,6280
0.13831383138313832,-8528,149,16383,8004
0.13846384638463846,-5421,-163,16507,10923
0.13861386138613863,-5421,-163,16507,10923
0.13876387638763876,-2218,-289,16634,14127
0.13891389138913893,-2218,-289,16634,14127
0.13906390639063906,667,-533,16638,16772
0.13921392139213923,667,-533,16638,16772
0.13936393639363936,4018,-614,16766,20170
0.13951395139513953,4018,-614,16766,20170
0.13966396639663967,5561,-639,16838,21760
0.13981398139813983,6963,-719,16860,23104
0.13996399639963997,8387,-762,16875,24500
0.14011401140114013,10054,-771,16919,26202
0.14026402640264027,11706,-810,16968,27864
0.14041404140414043,13011,-870,16976,29117
0.14056405640564057,14234,-929,16959,30264
0.14071407140714073,15784,-909,16990,31865
0.14086408640864087,17436,-841,17074,33669
0.14101410141014104,18707,-855,17124,34976
0.14116411641164117,19824,-893,17109,36040
0.14131413141314134,21194,-844,17116,37466
0.14146414641464147,22514,-788,17196,38922
0.14161416141614164,23566,-779,17295,40082
0.14176417641764177,24660,-730,17346,41276
0.14191419141914194,25764,-696,17350,42418
0.14206420642064208,26522,-692,17348,43178
0.1422142214221422,27192,-607,17364,43949
0.14236423642364238,28235,-528,17400,45107
0.1425142514251425,29244,-477,17432,46199
0.14266426642664268,29728,-400,17403,46731
0.14281428142814281,30227,-334,17361,47254
0.14296429642964298,31040,-222,17398,48216
0.14311431143114312,31040,-222,17398,48216
0.14326432643264328,31672,-58,17425,49039
0.14341434143414342,32318,76,17471,49865
0.14356435643564358,32764,285,17555,50604
0.14371437143714372,32764,449,17552,50765
0.14386438643864388,32764,633,17473,50870
0.14401440144014402,32764,916,17435,51115
0.14416441644164418,32764,1269,17480,51513
0.14431443144314432,32764,1650,17528,51942
0.14446444644464448,32764,1650,17528,51942
0.14461446144614462,32764,2297,17526,52587
0.14476447644764479,32764,2297,17526,52587
0.14491449144914492,32764,3003,17457,53224
0.1450645064506451,32764,3003,17457,53224
0.14521452145214522,32603,3373,17432,53408
0.1453645364536454,32603,3373,17432,53408
0.14551455145514552,30881,3482,17347,51710
0.1456645664566457,30881,3482,17347,51710
0.14581458145814583,29243,3222,17276,49741
0.14596459645964596,29243,3222,17276,49741
0.14611461146114613,28408,3092,17254,48754
0.14626462646264626,27414,2832,17236,47482
0.14641464146414643,26154,2471,17193,45818
0.14656465646564656,24984,2158,17155,44297
0.14671467146714673,23859,1878,17142,42879
0.14686468646864687,22479,1570,17098,41147
0.14701470147014703,21080,1265,17023,39368
0.14716471647164717,19878,995,16967,37840
0.14731473147314733,18618,727,16920,36265
0.14746474647464747,17140,497,16864,34501
0.14761476147614763,15597,350,16830,32777
0.14776477647764777,14086,209,16827,31122
0.14791479147914793,12605,41,16810,29456
0.14806480648064807,11106,-98,16752,27760
0.14821482148214823,9550,-228,16666,25988
0.14836483648364837,8089,-335,16604,24358
0.14851485148514854,6700,-420,16580,22860
0.14866486648664867,5125,-470,16548,21203
0.14881488148814884,3506,-478,16484,19512
0.14896489648964897,2125,-534,16423,18014
0.14911491149114914,730,-588,16384,16526
0.14926492649264927,-872,-592,16347,14883
0.14941494149414944,-2388,-641,16312,13283
0.14956495649564958,-3808,-686,16281,11787
0.14971497149714974,-5312,-694,16245,10239
0.14986498649864988,-6768,-702,16218,8748
0.15001500150015,-8147,-665,16176,7364
0.15016501650165018,-9571,-641,16098,5886
0.15031503150315031,-11053,-688,16030,4289
0.15046504650465048,-12449,-692,15989,2848
0.15061506150615062,-13684,-646,15960,1630
0.15076507650765078,-14961,-647,15929,321
0.15091509150915092,-16340,-654,15888,-1106
0.15106510651065108,-17642,-659,15850,-2451
0.15121512151215122,-17642,-659,15850,-2451
0.15136513651365138,-20407,-782,15768,-5421
0.15151515151515152,-20407,-782,15768,-5421
0.15166516651665168,-22486,-860,15679,-7667
0.15181518151815182,-22486,-860,15679,-7667
0.15196519651965198,-25292,-1065,15628,-10729
0.15211521152115212,-25292,-1065,15628,-10729
0.15226522652265229,-27014,-1147,15573,-12588
0.15241524152415242,-27014,-1147,15573,-12588
0.1525652565256526,-29282,-1263,15494,-15051
0.15271527152715272,-29282,-1263,15494,-15051
0.1528652865286529,-29814,-1232,15522,-15524
0.15301530153015303,-30435,-1300,15519,-16216
0.1531653165316532,-31444,-1388,15462,-17370
0.15331533153315333,-32343,-1411,15515,-18239
0.1534653465346535,-32343,-1411,15515,-18239
0.15361536153615363,-32764,-1347,15500,-18611
0.15376537653765376,-32764,-1347,15500,-18611
0.15391539153915393,-32764,-1343,15523,-18584
0.15406540654065407,-32764,-1343,15523,-18584
0.15421542154215423,-32764,-1303,15498,-18569
0.15436543654365437,-32764,-1303,15498,-18569
0.15451545154515453,-32764,-1316,15538,-18542
0.15466546654665467,-32764,-1300,15582,-18482
0.15481548154815483,-32764,-1265,15580,-18449
0.15496549654965497,-32764,-1274,15573,-18465
0.15511551155115513,-32642,-1266,15588,-18320
0.15526552655265527,-32375,-1236,15580,-18031
0.15541554155415543,-31915,-1207,15586,-17536
0.15556555655565557,-30998,-1124,15657,-16465
0.15571557155715574,-30041,-1034,15725,-15350
0.15586558655865587,-29393,-980,15746,-14627
0.15601560156015604,-28738,-903,15762,-13879
0.15616561656165617,-27760,-810,15800,-12770
0.15631563156315634,-26726,-741,15825,-11642
0.15646564656465647,-25690,-648,15833,-10505
0.15661566156615664,-24283,-514,15901,-8896
0.15676567656765678,-22890,-380,16006,-7264
0.15691569156915694,-22171,-332,16000,-6503
0.15706570657065708,-21468,-331,15897,-5902
0.15721572157215724,-19833,-203,15897,-4139
0.15736573657365738,-17806,-30,16034,-1802
0.15751575157515751,-16365,-7,16149,-223
0.15766576657665768,-15338,-7,16149,804
0.15781578157815782,-14042,-53,16150,2055
0.15796579657965798,-14042,-53,16150,2055
0.15811581158115812,-10484,25,16276,5817
0.15826582658265828,-8752,136,16366,7750
0.15841584158415842,-7176,-16,16422,9230
0.15856585658565858,-5620,-166,16473,10687
0.15871587158715872,-3953,-206,16555,12396
0.15886588658865888,-2318,-339,16624,13967
0.15901590159015902,-887,-500,16617,15230
0.15916591659165918,479,-571,16596,16504
0.15931593159315932,479,-571,16596,16504
0.15946594659465949,3777,-644,16764,19897
0.15961596159615962,3777,-644,16764,19897
0.1597659765976598,6644,-801,16780,22623
0.15991599159915992,6644,-801,16780,22623
0.1600660066006601,9844,-826,16879,25897
0.16021602160216022,9844,-826,16879,25897
0.1603660366036604,12907,-932,17086,29061
0.16051605160516053,12907,-932,17086,29061
0.1606660666066607,15442,-948,17036,31530
0.16081608160816083,15442,-948,17036,31530
0.160966096609661,17100,-891,17075,33284
0.16111611161116113,18391,-845,17132,34678
0.1612661266126613,19534,-872,17140,35802
0.16141614161416143,20949,-875,17154,37228
0.16156615661566157,22258,-809,17208,38657
0.16171617161716173,23271,-771,17261,39761
0.16186618661866187,24433,-698,17308,41043
0.16201620162016203,25600,-629,17336,42307
0.16216621662166217,26272,-699,17329,42902
0.16231623162316233,26931,-676,17324,43579
0.16246624662466247,28116,-506,17362,44972
0.16261626162616263,29125,-452,17400,46073
0.16276627662766277,29526,-445,17378,46459
0.16291629162916293,30099,-343,17352,47108
0.16306630663066307,31019,-241,17387,48165
0.16321632163216324,31509,-150,17406,48765
0.16336633663366337,31693,-46,17371,49018
0.16351635163516354,32253,41,17381,49675
0.16366636663666367,32764,169,17472,50405
0.16381638163816384,32764,341,17534,50639
0.16396639663966397,32764,548,17534,50846
0.16411641164116414,32764,850,17535,51149
0.16426642664266428,32764,1195,17522,51481
0.16441644164416444,32764,1540,17479,51783
0.16456645664566458,32764,1903,17483,52150
0.16471647164716474,32764,2263,17519,52546
0.16486648664866488,32764,2616,17494,52874
0.16501650165016504,32764,2947,17456,53167
0.16516651665166518,32764,3196,17465,53425
0.16531653165316532,32660,3363,17456,53479
0.16546654665466548,31890,3482,17386,52758
0.16561656165616562,31141,3511,17292,51944
0.16576657665766578,30296,3424,17214,50934
0.16591659165916592,29316,3302,17168,49786
0.16606660666066608,29316,3302,17168,49786
0.16621662166216622,27652,2927,17161,47740
0.16636663666366638,27652,2927,17161,47740
0.16651665166516652,25068,2202,17070,44340
0.16666666666666669,25068,2202,17070,44340
0.16681668166816682,22794,1560,17025,41379
0.166966696669667,22794,1560,17025,41379
0.16711671167116712,19988,928,16962,37878
0.1672667266726673,19988,928,16962,37878
0.16741674167416742,18645,668,16940,36253
0.1675667566756676,17272,460,16922,34654
0.16771677167716773,15832,357,16909,33098
0.1678667866786679,14299,236,16873,31408
0.16801680168016803,12760,52,16808,29620
0.1681668166816682,9715,-219,16674,26170
0.16831683168316833,9715,-219,16674,26170
0.1684668466846685,6900,-427,16634,23107
0.16861686168616863,6900,-427,16634,23107
0.1687668766876688,3717,-544,16486,19659
0.16891689168916893,3717,-544,16486,19659
0.16906690669066907,2298,-566,16428,18160
0.16921692169216923,848,-570,16374,16652
0.16936693669366937,-727,-607,16306,14972
0.16951695169516953,-2198,-646,16268,13424
0.16966696669666967,-3592,-675,16251,11984
0.16981698169816983,-5057,-705,16236,10474
0.16996699669966997,-6459,-692,16235,9084
0.17011701170117013,-7829,-657,16216,7730
0.17026702670267027,-9345,-648,16162,6169
0.17041704170417044,-10871,-651,16109,4587
0.17056705670567057,-12253,-634,16045,3158
0.17071707170717074,-13531,-608,15961,1822
0.17086708670867087,-14845,-605,15893,443
0.17101710171017104,-16218,-622,15862,-978
0.17116711671167117,-17416,-643,15864,-2195
0.17131713171317134,-18607,-670,15843,-3434
0.17146714671467148,-20136,-722,15760,-5098
0.17161716171617164,-21514,-738,15684,-6568
0.17176717671767178,-22420,-725,15671,-7474
0.17191719171917194,-23506,-804,15670,-8640
0.17206720672067208,-25022,-923,15609,-10336
0.17221722172217224,-26230,-971,15522,-11679
0.17236723672367238,-26895,-1035,15490,-12440
0.17251725172517254,-26895,-1035,15490,-12440
0.17266726672667268,-29018,-1156,15428,-14746
0.17281728172817284,-29018,-1156,15428,-14746
0.17296729672967298,-30415,-1216,15434,-16197
0.17311731173117312,-31159,-1255,15468,-16946
0.17326732673267328,-31867,-1276,15490,-17653
0.17341734173417342,-32218,-1274,15501,-17991
0.17356735673567358,-32626,-1334,15521,-18439
0.17371737173717372,-32764,-1379,15519,-18624
0.17386738673867388,-32764,-1370,15522,-18612
0.17401740174017402,-32764,-1402,15574,-18592
0.17416741674167419,-32764,-1402,15574,-18592
0.17431743174317432,-32764,-1424,15556,-18632
0.1744674467446745,-32764,-1424,15556,-18632
0.17461746174617462,-32764,-1367,15635,-18496
0.1747674767476748,-32764,-1367,15635,-18496
0.17491749174917492,-32764,-1364,15592,-18536
0.1750675067506751,-32764,-1364,15592,-18536
0.17521752175217523,-32491,-1302,15609,-18184
0.1753675367536754,-32491,-1302,15609,-18184
0.17551755175517553,-30977,-1207,15681,-16503
0.1756675667566757,-30977,-1207,15681,-16503
0.17581758175817583,-30173,-1128,15692,-15609
0.175967596759676,-29384,-1073,15721,-14736
0.17611761176117613,-28733,-1016,15750,-13999
0.1762676267626763,-28004,-922,15774,-13152
0.17641764176417643,-26957,-808,15809,-11956
0.1765676567656766,-25723,-715,15863,-10575
0.17671767176717673,-24394,-617,15956,-9055
0.17686768676867687,-23216,-476,16033,-7659
0.17701770177017703,-22469,-388,16004,-6853
0.17716771677167717,-21646,-377,15933,-6090
0.17731773177317733,-20064,-292,15976,-4380
0.17746774677467747,-18045,-136,16120,-2061
0.17761776177617764,-16421,-90,16215,-296
0.17776777677767777,-15370,-130,16210,710
0.17791779177917794,-14294,-128,16190,1768
0.17806780678067807,-12671,-124,16238,3443
0.17821782178217824,-10724,10,16317,5603
0.17836783678367837,-9000,170,16362,7532
0.17851785178517854,-7510,42,16386,8918
0.17866786678667868,-5893,-116,16444,10435
0.17881788178817884,-4104,-158,16531,12269
0.17896789678967898,-2466,-277,16575,13832
0.17911791179117914,-1103,-422,16564,15039
0.17926792679267928,301,-512,16561,16350
0.17941794179417944,1922,-560,16626,17988
0.17956795679567958,3570,-604,16729,19695
0.17971797179717974,5083,-680,16778,21181
0.17986798679867988,6522,-740,16785,22567
0.18001800180018004,8036,-743,16841,24134
0.18016801680168018,9674,-722,16941,25893
0.18031803180318035,11307,-775,17014,27546
0.18046804680468048,12681,-887,17033,28827
0.18061806180618062,12681,-887,17033,28827
0.18076807680768078,15188,-893,17050,31345
0.18091809180918092,15188,-893,17050,31345
0.18106810681068108,18352,-867,17167,34652
0.18121812181218122,18352,-867,17167,34652
0.18136813681368139,20710,-868,17186,37028
0.18151815181518152,20710,-868,17186,37028
0.1816681668166817,23202,-828,17276,39650
0.18181818181818182,23202,-828,17276,39650
0.181968196819682,25436,-649,17303,42090
0.18211821182118212,25436,-649,17303,42090
0.1822682268226823,26271,-656,17352,42967
0.18241824182418243,26888,-618,17359,43629
0.1825682568256826,27874,-507,17352,44719
0.18271827182718273,28925,-456,17381,45850
0.1828682868286829,29508,-451,17431,46488
0.18301830183018303,30829,-265,17476,48040
0.1831683168316832,30829,-265,17476,48040
0.18331833183318333,31572,-126,17441,48887
0.1834683468346835,31572,-126,17441,48887
0.18361836183618363,32764,88,17552,50404
0.1837683768376838,32764,88,17552,50404
0.18391839183918393,32764,234,17549,50547
0.1840684068406841,32764,467,17506,50737
0.18421842184218423,32764,763,17504,51031
0.18436843684368437,32764,1090,17520,51374
0.18451845184518453,32764,1432,17501,51697
0.18466846684668467,32764,1799,17485,52048
0.18481848184818483,32764,2171,17504,52439
0.18496849684968497,32764,2528,17498,52790
0.18511851185118514,32764,2853,17445,53062
0.18526852685268527,32764,3098,17400,53262
0.18541854185418544,32764,3286,17380,53430
0.18556855685568557,32019,3438,17348,52805
0.18571857185718574,31195,3493,17303,51991
0.18586858685868587,30414,3419,17271,51104
0.18601860186018604,29451,3295,17230,49976
0.18616861686168618,28621,3189,17197,49007
0.18631863186318634,27797,2985,17196,47978
0.18646864686468648,26500,2650,17144,46294
0.18661866186618664,25210,2332,17078,44620
0.18676867686768678,24264,2068,17103,43435
0.18691869186918694,23086,1760,17136,41982
0.18706870687068708,21579,1400,17090,40069
0.18721872187218724,20232,1090,17030,38352
0.18736873687368738,20232,1090,17030,38352
0.18751875187518754,17600,556,16936,35092
0.18766876687668768,17600,556,16936,35092
0.18781878187818785,14584,265,16884,31733
0.18796879687968798,13094,63,16820,29977
0.18811881188118815,11560,-97,16745,28208
0.18826882688268828,10019,-177,16696,26538
0.18841884188418842,8543,-243,16663,24963
0.18856885688568858,7091,-320,16614,23385
0.18871887188718872,5526,-320,16614,21820
0.18886888688868889,3942,-446,16500,19996
0.18901890189018902,3942,-446,16500,19996
0.1891689168916892,1071,-513,16443,17001
0.18931893189318932,1071,-513,16443,17001
0.1894689468946895,-1964,-628,16347,13755
0.18961896189618963,-1964,-628,16347,13755
0.1897689768976898,-4812,-694,16330,10824
0.18991899189918993,-4812,-694,16330,10824
0.1900690069006901,-7726,-692,16226,7808
0.19021902190219023,-7726,-692,16226,7808
0.1903690369036904,-9207,-677,16187,6303
0.19051905190519053,-10706,-678,16149,4765
0.1906690669066907,-12102,-718,16072,3252
0.19081908190819083,-13359,-750,15977,1868
0.190969096909691,-14659,-776,15921,486
0.19111911191119113,-16053,-793,15896,-950
0.1912691269126913,-17318,-765,15867,-2216
0.19141914191419143,-18544,-781,15813,-3512
0.1915691569156916,-20052,-829,15730,-5151
0.19171917191719173,-21441,-807,15672,-6576
0.1918691869186919,-22341,-802,15676,-7467
0.19201920192019203,-23364,-883,15674,-8573
0.19216921692169217,-24753,-1010,15623,-10140
0.19231923192319234,-25980,-1102,15574,-11508
0.19246924692469247,-26874,-1104,15562,-12416
0.19261926192619264,-27813,-1138,15563,-13388
0.19276927692769277,-28922,-1208,15523,-14607
0.19291929192919294,-29710,-1197,15476,-15431
0.19306930693069307,-30161,-1200,15497,-15864
0.19321932193219324,-30916,-1262,15522,-16656
0.19336933693369338,-31863,-1296,15490,-17669
0.19351935193519354,-32369,-1322,15467,-18224
0.19366936693669368,-32696,-1355,15482,-18569
0.19381938193819384,-32764,-1354,15493,-18625
0.19396939693969398,-32764,-1346,15504,-18606
0.19411941194119414,-32764,-1351,15520,-18595
0.19426942694269428,-32764,-1376,15517,-18623
0.19441944194419444,-32764,-1390,15502,-18652
0.19456945694569458,-32764,-1350,15504,-18610
0.19471947194719474,-32764,-1290,15505,-18549
0.19486948694869488,-32764,-1270,15486,-18548
0.19501950195019505,-32764,-1296,15518,-18542
0.19516951695169518,-32711,-1274,15607,-18378
0.19531953195319535,-32421,-1213,15658,-17976
0.19546954695469548,-32421,-1213,15658,-17976
0.19561956195619565,-31140,-1140,15667,-16613
0.19576957695769578,-31140,-1140,15667,-16613
0.19591959195919592,-29432,-1013,15816,-14629
0.19606960696069609,-29432,-1013,15816,-14629
0.19621962196219622,-27995,-900,15824,-13071
0.1963696369636964,-27995,-900,15824,-13071
0.19651965196519652,-26031,-701,15870,-10862
0.1966696669666967,-26031,-701,15870,-10862
0.19681968196819682,-23293,-498,16026,-7765
0.196969696969697,-23293,-498,16026,-7765
0.19711971197119713,-22488,-382,16040,-6830
0.1972697269726973,-21818,-330,15974,-6174
0.19741974197419743,-20361,-247,15976,-4632
0.1975697569756976,-18262,-99,16086,-2275
0.19771977197719773,-16716,-84,16144,-656
0.1978697869786979,-14601,-110,16116,1405
0.19801980198019803,-14601,-110,16116,1405
0.1981698169816982,-10958,-74,16248,5216
0.19831983198319833,-10958,-74,16248,5216
0.1984698469846985,-7658,0,16348,8690
0.19861986198619863,-7658,0,16348,8690
0.1987698769876988,-5990,-139,16491,10362
0.19891989198919893,-4363,-207,16576,12006
0.1990699069906991,-2781,-314,16593,13498
0.19921992199219923,-1347,-400,16600,14853
0.1993699369936994,27,-472,16632,16187
0.19951995199519953,1630,-555,16701,17776
0.1996699669966997,3372,-606,16767,19533
0.19981998199819984,4935,-684,16782,21033
0.19996999699969997,6367,-763,16781,22385
0.20012001200120014,7839,-774,16827,23892
0.20027002700270027,9436,-798,16900,25538
0.20042004200420044,11086,-854,16945,27177
0.20057005700570057,12530,-897,16972,28605
0.20072007200720074,13736,-930,17010,29816
0.20087008700870088,15052,-900,17040,31192
0.20102010201020104,16644,-851,17040,32833
0.20117011701170118,18115,-877,17038,34276
0.20132013201320134,19323,-888,17096,35531
0.20147014701470148,20628,-832,17198,36994
0.20162016201620164,21948,-811,17270,38407
0.20177017701770178,22985,-816,17277,39446
0.20192019201920194,22985,-816,17277,39446
0.20207020702070208,25260,-612,17307,41955
0.20222022202220225,25260,-612,17307,41955
0.20237023702370238,26717,-627,17341,43431
0.20252025202520255,26717,-627,17341,43431
0.20267026702670268,28887,-450,17394,45831
0.20282028202820285,29544,-427,17474,46591
0.20297029702970298,30010,-376,17494,47128
0.20312031203120315,30719,-295,17476,47900
0.20327032703270329,31221,-212,17446,48455
0.20342034203420345,31518,-103,17426,48841
0.2035703570357036,31518,-103,17426,48841
0.20372037203720372,32764,170,17519,50453
0.2038703870387039,32764,170,17519,50453
0.20402040204020402,32764,494,17496,50754
0.2041704170417042,32764,494,17496,50754
0.20432043204320433,32764,1110,17540,51414
0.2044704470447045,32764,1110,17540,51414
0.20462046204620463,32764,1832,17484,52080
0.2047704770477048,32764,1832,17484,52080
0.20492049204920493,32764,2474,17513,52751
0.2050705070507051,32764,2474,17513,52751
0.20522052205220523,32764,2835,17527,53126
0.2053705370537054,32764,3128,17526,53418
0.20552055205520553,32682,3285,17494,53461
0.2056705670567057,32170,3422,17435,53027
0.20582058205820583,31485,3509,17376,52370
0.205970597059706,30548,3419,17312,51279
0.20612061206120613,29492,3235,17256,49983
0.2062706270627063,28712,3116,17247,49075
0.20642064206420643,27927,2950,17245,48122
0.2065706570657066,26667,2600,17180,46447
0.20672067206720673,25364,2252,17099,44715
0.2068706870687069,24348,2004,17085,43437
0.20702070207020704,23220,1701,17086,42007
0.2071707170717072,21790,1366,17033,40189
0.20732073207320734,20361,1061,16962,38384
0.20747074707470747,19106,761,16926,36793
0.20762076207620764,17800,535,16910,35245
0.20777077707770777,16274,377,16874,33525
0.20792079207920794,14686,242,16808,31736
0.20807080708070808,13222,106,16748,30076
0.20822082208220824,11751,-77,16706,28380
0.20837083708370838,10158,-224,16665,26599
0.20852085208520854,8666,-280,16629,25015
0.20867086708670868,7318,-355,16610,23573
0.20882088208820884,5851,-450,16592,21993
0.20897089708970898,4222,-470,16565,20317
0.20912091209120914,2641,-480,16530,18691
0.20927092709270928,1199,-534,16480,17145
0.20942094209420944,-288,-583,16407,15536
0.20957095709570958,-1851,-618,16344,13875
0.20972097209720975,-3282,-645,16299,12372
0.20987098709870988,-4677,-672,16230,10881
0.21002100210021005,-6148,-699,16172,9325
0.21017101710171018,-7516,-681,16162,7965
0.21032103210321035,-7516,-681,16162,7965
0.21047104710471048,-10381,-650,16056,5025
0.21062106210621065,-10381,-650,16056,5025
0.21077107710771079,-13140,-674,15858,2044
0.21092109210921095,-13140,-674,15858,2044
0.2110711071107111,-15884,-678,15852,-710
0.21122112211221122,-15884,-678,15852,-710
0.2113711371137114,-18405,-748,15794,-3359
0.21152115211521152,-18405,-748,15794,-3359
0.2116711671167117,-21218,-775,15743,-6250
0.21182118211821183,-21218,-820,15727,-6311
0.211971197119712,-22133,-823,15731,-7225
0.21212121212121213,-23203,-872,15694,-8381
0.2122712271227123,-24617,-1037,15621,-10033
0.21242124212421243,-25735,-1116,15593,-11258
0.2125712571257126,-26574,-1142,15600,-12116
0.21272127212721273,-28882,-1289,15522,-14649
0.2128712871287129,-28882,-1289,15522,-14649
0.21302130213021303,-30122,-1292,15519,-15895
0.2131713171317132,-30122,-1292,15519,-15895
0.21332133213321333,-30839,-1344,15518,-16665
0.2134713471347135,-31631,-1380,15494,-17517
0.21362136213621363,-32218,-1368,15470,-18116
0.2137713771377138,-32712,-1356,15471,-18597
0.21392139213921393,-32764,-1360,15477,-18647
0.2140714071407141,-32764,-1351,15468,-18647
0.21422142214221424,-32764,-1366,15479,-18651
0.2143714371437144,-32764,-1387,15521,-18630
0.21452145214521454,-32764,-1394,15550,-18608
0.2146714671467147,-32764,-1391,15553,-18602
0.21482148214821484,-32764,-1372,15544,-18592
0.214971497149715,-32764,-1378,15517,-18625
0.21512151215121514,-32764,-1368,15511,-18621
0.21527152715271528,-32764,-1288,15561,-18491
0.21542154215421544,-32321,-1212,15611,-17922
0.21557155715571558,-31931,-1175,15623,-17483
0.21572157215721574,-31278,-1141,15650,-16769
0.21587158715871588,-30436,-1080,15716,-15800
0.21602160216021604,-29769,-986,15763,-14992
0.21617161716171618,-29183,-928,15752,-14359
0.21632163216321634,-28220,-894,15750,-13364
0.21647164716471648,-27019,-779,15808,-11990
0.21662166216621664,-25951,-645,15866,-10730
0.21677167716771678,-25951,-645,15866,-10730
0.21692169216921695,-23520,-487,15948,-8059
0.21707170717071708,-23520,-487,15948,-8059
0.21722172217221725,-21986,-325,15873,-6438
0.21737173717371738,-21986,-325,15873,-6438
0.21752175217521755,-18448,-87,15998,-2537
0.21767176717671768,-16945,-46,16093,-898
0.21782178217821785,-15962,-61,16118,95
0.21797179717971799,-14723,-4,16138,1411
0.21812181218121815,-12964,-16,16192,3212
0.2182718271827183,-11135,102,16256,5223
0.21842184218421845,-11135,102,16256,5223
0.2185718571857186,-7975,36,16362,8423
0.21872187218721875,-7975,36,16362,8423
0.2188718871887189,-4652,-215,16510,11643
0.21902190219021903,-4652,-215,16510,11643
0.2191719171917192,-1619,-424,16600,14557
0.21932193219321933,-1619,-424,16600,14557
0.2194719471947195,1412,-580,16682,17514
0.21962196219621963,1412,-580,16682,17514
0.2197719771977198,4582,-670,16759,20671
0.21992199219921993,4582,-670,16759,20671
0.2200720072007201,6106,-775,16787,22118
0.22022202220222023,7617,-852,16823,23588
0.2203720372037204,9114,-856,16867,25125
0.22052205220522053,10708,-860,16924,26772
0.2206720672067207,12248,-892,16983,28339
0.22082208220822083,13496,-925,17006,29577
0.220972097209721,14792,-936,16988,30844
0.22112211221122113,16448,-893,16992,32547
0.2212721272127213,17987,-874,17055,34168
0.22142214221422143,19130,-891,17130,35369
0.2215721572157216,20356,-859,17181,36678
0.22172217221722174,21758,-812,17225,38171
0.2218721872187219,22849,-803,17258,39304
0.22202220222022204,23774,-770,17274,40278
0.2221722172217222,25003,-679,17312,41636
0.22232223222322234,26089,-634,17355,42810
0.2224722472247225,26692,-674,17349,43367
0.22262226222622264,27548,-641,17347,44254
0.22277227722772278,28754,-544,17409,45619
0.22292229222922294,29496,-532,17442,46406
0.22307230723072308,29948,-494,17405,46859
0.22322232223222324,30692,-375,17405,47722
0.22337233723372338,31268,-284,17427,48411
0.22352235223522354,31427,-178,17384,48633
0.22367236723672368,31918,-32,17347,49233
0.22382238223822384,32764,129,17395,50288
0.22397239723972398,32764,311,17450,50525
0.22412241224122414,32764,500,17452,50716
0.22427242724272428,32764,732,17462,50958
0.22442244224422445,32764,1048,17494,51306
0.22457245724572458,32764,1429,17496,51689
0.22472247224722475,32764,1814,17490,52068
0.22487248724872488,32764,1814,17490,52068
0.22502250225022505,32764,2494,17510,52768
0.22517251725172518,32764,2494,17510,52768
0.22532253225322535,32764,3135,17444,53343
0.22547254725472549,32764,3135,17444,53343
0.22562256225622565,32176,3430,17419,53025
0.2257725772577258,32176,3430,17419,53025
0.22592259225922595,30786,3506,17344,51636
0.2260726072607261,30786,3506,17344,51636
0.22622262226222625,28763,3185,17246,49194
0.2263726372637264,28763,3185,17246,49194
0.22652265226522655,28009,3010,17219,48238
0.2266726672667267,26919,2712,17187,46818
0.22682268226822683,25541,2361,17126,45028
0.226972697269727,24465,2082,17116,43663
0.22712271227122713,23403,1805,17140,42348
0.2272727272727273,21994,1475,17112,40581
0.22742274227422743,20564,1132,17061,38757
0.2275727572757276,17988,604,17007,35599
0.22772277227722773,17988,604,17007,35599
0.2278727872787279,15006,250,16926,32182
0.22802280228022803,15006,250,16926,32182
0.2281728172817282,13476,71,16888,30435
0.22832283228322833,11914,-97,16840,28657
0.2284728472847285,10394,-192,16780,26982
0.22862286228622863,8923,-262,16718,25379
0.2287728772877288,7522,-372,16673,23823
0.22892289228922894,6105,-460,16638,22283
0.2290729072907291,4541,-506,16576,20611
0.22922292229222924,2957,-555,16500,18902
0.2293729372937294,1445,-602,16444,17287
0.22952295229522954,-105,-651,16395,15639
0.2296729672967297,-1640,-663,16333,14030
0.22982298229822984,-3030,-670,16278,12578
0.22997299729973,-4418,-744,16232,11070
0.23012301230123014,-5893,-773,16208,9542
0.2302730273027303,-7307,-726,16196,8163
0.23042304230423044,-8676,-710,16152,6766
0.23057305730573058,-10143,-724,16073,5206
0.23072307230723074,-11635,-749,15985,3601
0.23087308730873088,-12968,-761,15922,2193
0.23102310231023104,-14251,-722,15890,917
0.23117311731173118,-15673,-684,15864,-493
0.23132313231323134,-17021,-688,15847,-1862
0.23147314731473148,-18204,-739,15829,-3114
0.23162316231623165,-18204,-739,15829,-3114
0.23177317731773178,-21000,-851,15701,-6150
0.23192319231923195,-21000,-851,15701,-6150
0.23207320732073208,-22912,-786,15685,-8013
0.23222322232223225,-22912,-786,15685,-8013
0.23237323732373238,-25817,-1050,15555,-11312
0.23252325232523255,-26631,-1092,15513,-12210
0.23267326732673269,-27456,-1097,15518,-13035
0.23282328232823285,-28688,-1146,15522,-14312
0.232973297329733,-29580,-1160,15536,-15204
0.23312331233123315,-29996,-1167,15559,-15604
0.2332733273327333,-29996,-1167,15559,-15604
0.23342334233423345,-31716,-1306,15474,-17548
0.2335733573357336,-31716,-1306,15474,-17548
0.23372337233723375,-32455,-1309,15527,-18237
0.2338733873387339,-32455,-1309,15527,-18237
0.23402340234023405,-32764,-1362,15456,-18670
0.2341734173417342,-32764,-1362,15456,-18670
0.23432343234323433,-32764,-1342,15519,-18587
0.2344734473447345,-32764,-1342,15519,-18587
0.23462346234623463,-32764,-1301,15534,-18531
0.2347734773477348,-32764,-1311,15556,-18519
0.23492349234923493,-32764,-1328,15602,-18490
0.2350735073507351,-32764,-1311,15623,-18452
0.23522352235223523,-32764,-1336,15598,-18502
0.2353735373537354,-32764,-1307,15594,-18477
0.23552355235523553,-32380,-1217,15643,-17954
0.2356735673567357,-31849,-1180,15678,-17351
0.23582358235823583,-31452,-1148,15653,-16947
0.235973597359736,-30661,-1097,15650,-16108
0.23612361236123613,-29676,-1018,15704,-14990
0.2362736273627363,-29036,-918,15732,-14222
0.23642364236423644,-28342,-864,15746,-13460
0.2365736573657366,-27270,-784,15815,-12239
0.23672367236723674,-26145,-672,15893,-10924
0.2368736873687369,-24971,-607,15948,-9630
0.23702370237023704,-23625,-505,16006,-8124
0.2371737173717372,-22622,-375,16028,-6969
0.23732373237323734,-21988,-308,15966,-6330
0.2374737473747375,-20745,-255,15949,-5051
0.23762376237623764,-18729,-152,16078,-2803
0.2377737773777378,-17052,-82,16205,-929
0.23792379237923794,-16036,-57,16204,111
0.2380738073807381,-14866,-24,16160,1270
0.23822382238223824,-13286,-64,16175,2825
0.23837383738373838,-11582,-29,16221,4610
0.23852385238523854,-9859,122,16249,6512
0.23867386738673868,-8158,96,16309,8247
0.23882388238823885,-6515,-44,16422,9863
0.23897389738973898,-4879,-146,16533,11508
0.23912391239123915,-3254,-274,16606,13078
0.23927392739273928,-1753,-422,16636,14461
0.23942394239423945,-343,-558,16643,15742
0.23957395739573958,1167,-630,16662,17199
0.23972397239723975,1167,-630,16662,17199
0.23987398739873989,4443,-722,16785,20506
0.24002400240024005,4443,-722,16785,20506
0.2401740174017402,7408,-889,16859,23378
0.24032403240324035,7408,-889,16859,23378
0.2404740474047405,10582,-822,16963,26723
0.24062406240624065,10582,-822,16963,26723
0.2407740774077408,13388,-980,16954,29362
0.24092409240924095,13388,-980,16954,29362
0.2410741074107411,16250,-844,17012,32418
0.24122412241224125,16250,-844,17012,32418
0.2413741374137414,17786,-805,17088,34069
0.24152415241524156,18898,-855,17115,35158
0.2416741674167417,20118,-866,17112,36364
0.24182418241824186,21617,-800,17150,37967
0.241974197419742,22840,-758,17223,39305
0.24212421242124213,23785,-744,17276,40317
0.2422742274227423,24902,-670,17300,41532
0.24242424242424243,26602,-636,17300,43266
0.2425742574257426,26602,-636,17300,43266
0.24272427242724273,28628,-418,17414,45624
0.2428742874287429,28628,-418,17414,45624
0.24302430243024303,29261,-398,17462,46325
0.2431743174317432,29610,-392,17447,46665
0.24332433243324333,30442,-320,17464,47586
0.2434743474347435,31231,-229,17485,48487
0.24362436243624364,31430,-126,17456,48760
0.2437743774377438,31819,7,17450,49276
0.24392439243924394,32626,160,17491,50277
0.2440744074407441,32764,328,17498,50590
0.24422442244224424,32764,490,17458,50712
0.2443744374437444,32764,720,17454,50938
0.24452445244524454,32764,1070,17495,51329
0.2446744674467447,32764,1436,17481,51681
0.24482448244824484,32764,1801,17414,51979
0.244974497449745,32764,2172,17399,52335
0.24512451245124514,32764,2504,17439,52707
0.2452745274527453,32764,2832,17471,53067
0.24542454245424544,32764,3153,17488,53405
0.2455745574557456,32764,3360,17484,53608
0.24572457245724574,32323,3438,17443,53204
0.24587458745874588,31514,3472,17390,52376
0.24602460246024604,30736,3435,17353,51524
0.24617461746174618,29857,3435,17353,50645
0.24632463246324635,29016,3203,17268,49487
0.24647464746474648,29016,3203,17268,49487
0.24662466246624665,27104,2659,17250,47013
0.24677467746774678,27104,2659,17250,47013
0.24692469246924695,24518,2029,17096,43643
0.24707470747074708,24518,2029,17096,43643
0.24722472247224725,22268,1522,17084,40874
0.24737473747374739,20722,1146,17038,38906
0.24752475247524755,19426,817,16998,37241
0.2476747674767477,18163,558,16967,35688
0.24782478247824785,18163,558,16967,35688
0.247974797479748,15193,314,16867,32374
0.24812481248124815,15193,314,16867,32374
0.2482748274827483,12186,-66,16742,28862
0.24842484248424845,12186,-66,16742,28862
0.2485748574857486,9167,-238,16676,25605
0.24872487248724875,9167,-238,16676,25605
0.2488748874887489,6258,-424,16639,22473
0.24902490249024906,6258,-424,16639,22473
0.2491749174917492,3135,-524,16511,19122
0.24932493249324936,3135,-524,16511,19122
0.2494749474947495,1742,-537,16476,17681
0.24962496249624966,197,-562,16446,16081
0.2497749774977498,-1389,-607,16384,14388
0.24992499249924993,-2820,-650,16319,12849
0.25007500750075007,-4221,-702,16278,11355
0.25022502250225026,-5679,-719,16247,9849
0.2503750375037504,-7078,-686,16212,8448
0.25052505250525053,-8490,-651,16146,7005
0.25067506750675067,-10011,-642,16063,5410
0.25082508250825086,-11491,-654,15984,3839
0.250975097509751,-12787,-628,15905,2490
0.25112511251125114,-14044,-619,15850,1187
0.2512751275127513,-15421,-659,15843,-237
0.25142514251425147,-16746,-674,15854,-1566
0.2515751575157516,-17948,-730,15822,-2856
0.25172517251725174,-19345,-825,15734,-4436
0.2518751875187519,-20822,-877,15665,-6034
0.25202520252025207,-21902,-852,15678,-7076
0.2521752175217522,-22869,-811,15707,-7973
0.25232523252325234,-24180,-908,15666,-9422
0.2524752475247525,-25494,-1068,15600,-10962
0.25262526252625267,-26468,-1107,15578,-11997
0.2527752775277528,-27399,-1117,15573,-12943
0.25292529252925294,-28518,-1220,15539,-14199
0.2530753075307531,-29487,-1286,15480,-15293
0.25322532253225327,-30037,-1285,15462,-15860
0.2533753375337534,-30606,-1292,15506,-16392
0.25352535253525355,-31476,-1276,15522,-17230
0.2536753675367537,-32142,-1278,15500,-17920
0.2538253825382538,-32480,-1310,15484,-18306
0.253975397539754,-32764,-1322,15450,-18636
0.25412541254125415,-32764,-1363,15421,-18706
0.2542754275427543,-32764,-1414,15455,-18723
0.2544254425442544,-32764,-1390,15495,-18659
0.2545754575457546,-32764,-1390,15495,-18659
0.25472547254725475,-32764,-1376,15504,-18636
0.2548754875487549,-32764,-1376,15504,-18636
0.255025502550255,-32764,-1310,15549,-18525
0.2551755175517552,-32764,-1310,15549,-18525
0.25532553255325535,-32764,-1254,15558,-18460
0.2554755475547555,-32764,-1254,15558,-18460
0.2556255625562556,-32324,-1194,15659,-17859
0.2557755775577558,-32324,-1194,15659,-17859
0.25592559255925595,-30594,-1126,15716,-16004
0.2560756075607561,-30594,-1036,15766,-15864
0.25622562256225623,-29764,-992,15796,-14960
0.2563756375637564,-29150,-930,15792,-14288
0.25652565256525656,-28494,-837,15754,-13577
0.2566756675667567,-27592,-770,15746,-12616
0.25682568256825683,-26520,-675,15807,-11388
0.256975697569757,-25214,-539,15903,-9850
0.25712571257125716,-23765,-424,15982,-8207
0.2572757275727573,-22129,-315,15917,-6527
0.25742574257425743,-22129,-315,15917,-6527
0.25757575757575757,-21017,-322,15870,-5469
0.25772577257725776,-19136,-175,15967,-3344
0.2578757875787579,-17348,-42,16102,-1288
0.25802580258025803,-16213,-69,16145,-137
0.25817581758175817,-15116,-104,16132,912
0.25832583258325836,-13526,-132,16154,2496
0.2584758475847585,-11724,-102,16214,4388
0.25862586258625864,-10010,40,16284,6314
0.2587758775877588,-8357,58,16376,8077
0.25892589258925897,-6781,-107,16473,9585
0.2590759075907591,-5208,-238,16543,11097
0.25922592259225924,-3477,-314,16596,12805
0.2593759375937594,-1880,-410,16620,14330
0.25952595259525957,-632,-520,16609,15457
0.2596759675967597,761,-616,16616,16761
0.25982598259825984,2562,-683,16675,18554
0.25997599759976,4307,-724,16736,20319
0.26012601260126017,5725,-754,16749,21720
0.2602760276027603,7076,-796,16755,23035
0.26042604260426044,8676,-831,16811,24656
0.2605760576057606,10398,-863,16886,26421
0.2607260726072608,11849,-918,16918,27849
0.2608760876087609,13066,-970,16939,29035
0.26102610261026105,13066,-970,16939,29035
0.2611761176117612,15956,-936,17056,32076
0.2613261326132613,15956,-936,17056,32076
0.2614761476147615,18604,-886,17154,34872
0.26162616261626165,18604,-886,17154,34872
0.2617761776177618,21484,-799,17262,37947
0.2619261926192619,21484,-799,17262,37947
0.2620762076207621,23508,-782,17260,39986
0.26222622262226225,24725,-713,17284,41296
0.2623762376237624,25878,-650,17356,42584
0.2625262526252625,26529,-632,17375,43272
0.2626762676267627,26529,-632,17375,43272
0.26282628262826285,28430,-476,17402,45356
0.262976297629763,28430,-476,17402,45356
0.2631263126312631,29692,-424,17424,46692
0.2632763276327633,29692,-424,17424,46692
0.26342634263426346,31183,-257,17423,48349
0.2635763576357636,31183,-257,17423,48349
0.26372637263726373,31841,-8,17372,49205
0.2638763876387639,31841,-8,17372,49205
0.26402640264026406,32764,301,17477,50542
0.2641764176417642,32764,301,17477,50542
0.26432643264326433,32764,483,17468,50715
0.2644764476447645,32764,771,17466,51001
0.26462646264626466,32764,1120,17519,51403
0.2647764776477648,32764,1442,17544,51750
0.26492649264926493,32764,1762,17502,52028
0.26507650765076507,32764,2106,17482,52352
0.26522652265226526,32764,2484,17522,52770
0.2653765376537654,32764,2823,17522,53109
0.26552655265526554,32764,3062,17468,53294
0.26567656765676567,32764,3229,17450,53443
0.26582658265826586,32625,3353,17454,53432
0.265976597659766,31764,3417,17412,52593
0.26612661266126614,30879,3372,17357,51608
0.2662766276627663,30058,3218,17320,50596
0.26642664266426647,29111,3054,17276,49441
0.2665766576657666,28252,2888,17232,48372
0.26672667266726674,27249,2615,17191,47055
0.2668766876687669,25878,2336,17132,45346
0.26702670267026707,24661,2107,17095,43863
0.2671767176717672,23666,1804,17097,42567
0.26732673267326734,22432,1442,17080,40954
0.2674767476747675,21022,1126,17037,39185
0.26762676267626767,19643,862,16999,37504
0.2677767776777678,18264,638,16956,35858
0.26792679267926794,16907,460,16922,34289
0.2680768076807681,15485,348,16894,32727
0.2682268226822683,13928,242,16833,31003
0.2683768376837684,12390,76,16763,29229
0.26852685268526855,10881,-58,16724,27547
0.2686768676867687,9336,-149,16690,25877
0.2688268826882688,7907,-250,16652,24309
0.268976897689769,6540,-364,16624,22800
0.26912691269126915,6540,-364,16624,22800
0.2692769276927693,3420,-418,16537,19539
0.2694269426942694,3420,-418,16537,19539
0.2695769576957696,544,-513,16426,16457
0.26972697269726975,544,-513,16426,16457
0.2698769876987699,-2547,-606,16280,13127
0.27002700270027,-2547,-606,16280,13127
0.2701770177017702,-5438,-641,16157,10078
0.27032703270327035,-5438,-641,16157,10078
0.2704770477047705,-8226,-620,16051,7205
0.2706270627062706,-8226,-620,16051,7205
0.2707770777077708,-9634,-595,16016,5787
0.27092709270927096,-11167,-668,15967,4132
0.2710771077107711,-12608,-708,15910,2594
0.27122712271227123,-13861,-690,15907,1356
0.2713771377137714,-15170,-697,15954,87
0.27152715271527156,-16560,-717,15958,-1319
0.2716771677167717,-17836,-740,15894,-2682
0.27182718271827183,-19212,-778,15806,-4184
0.271977197719772,-20744,-825,15738,-5831
0.27212721272127216,-22756,-855,15716,-7895
0.2722772277227723,-22756,-855,15716,-7895
0.27242724272427243,-23967,-974,15647,-9294
0.2725772577257726,-25392,-1108,15548,-10952
0.27272727272727276,-26360,-1114,15517,-11957
0.2728772877287729,-27109,-1139,15538,-12710
0.27302730273027304,-28300,-1256,15508,-14048
0.2731773177317732,-29519,-1313,15424,-15408
0.27332733273327336,-30116,-1319,15400,-16035
0.2734773477347735,-30633,-1316,15442,-16507
0.27362736273627364,-31531,-1299,15462,-17368
0.2737773777377738,-32154,-1319,15484,-17989
0.27392739273927397,-32339,-1358,15533,-18164
0.2740774077407741,-32764,-1355,15528,-18591
0.27422742274227424,-32764,-1351,15472,-18643
0.2743774377437744,-32764,-1361,15468,-18657
0.27452745274527457,-32764,-1359,15498,-18625
0.2746774677467747,-32764,-1364,15506,-18622
0.27482748274827484,-32764,-1337,15543,-18558
0.274977497749775,-32764,-1284,15592,-18456
0.27512751275127517,-32764,-1299,15583,-18480
0.2752775277527753,-32764,-1295,15569,-18490
0.27542754275427545,-32764,-1230,15612,-18382
0.2755775577557756,-32564,-1204,15612,-18156
0.2757275727572758,-32194,-1186,15656,-17724
0.2758775877587759,-32194,-1186,15656,-17724
0.27602760276027605,-30644,-1112,15689,-16067
0.2761776177617762,-30644,-1112,15689,-16067
0.2763276327632764,-29319,-928,15765,-14482
0.2764776477647765,-29319,-928,15765,-14482
0.27662766276627665,-27647,-733,15753,-12627
0.2767776777677768,-27647,-733,15753,-12627
0.2769276927692769,-25401,-590,15834,-10157
0.2770777077707771,-23960,-455,15917,-8498
0.27722772277227725,-23960,-455,15917,-8498
0.2773777377737774,-22222,-323,15956,-6589
0.2775277527752775,-22222,-323,15956,-6589
0.2776777677767777,-19398,-187,16004,-3581
0.27782778277827785,-19398,-187,16004,-3581
0.277977797779778,-16324,-14,16213,-125
0.2781278127812781,-16324,-14,16213,-125
0.2782778277827783,-13810,-64,16199,2325
0.27842784278427846,-13810,-64,16199,2325
0.2785778577857786,-10274,93,16317,6136
0.27872787278727873,-10274,93,16317,6136
0.2788778877887789,-8640,118,16374,7852
0.27902790279027906,-7038,-54,16450,9358
0.2791779177917792,-5367,-238,16518,10913
0.27932793279327933,-3740,-322,16544,12482
0.2794779477947795,-2287,-394,16558,13877
0.27962796279627966,-910,-527,16568,15131
0.2797779777977798,586,-618,16585,16553
0.27992799279927993,2242,-612,16650,18280
0.2800780078007801,3938,-661,16739,20016
0.28022802280228026,5520,-760,16795,21555
0.2803780378037804,6950,-813,16824,22961
0.28052805280528054,8403,-858,16862,24407
0.2806780678067807,10040,-878,16901,26063
0.28082808280828087,11676,-883,16923,27716
0.280978097809781,12997,-934,16940,29003
0.28112811281128114,14172,-960,16956,30168
0.2812781278127813,15655,-903,16984,31736
0.28142814281428147,17267,-852,17048,33463
0.2815781578157816,18555,-863,17117,34809
0.28172817281728174,19764,-861,17165,36068
0.2818781878187819,21186,-840,17228,37574
0.28202820282028207,22498,-845,17294,38947
0.2821782178217822,23534,-816,17308,40026
0.28232823282328234,24602,-705,17307,41204
0.2824782478247825,25699,-625,17346,42420
0.2826282628262827,26493,-632,17372,43233
0.2827782778277828,27241,-599,17350,43992
0.28292829282928295,28284,-494,17344,45134
0.2830783078307831,29167,-430,17376,46113
0.2832283228322833,29634,-420,17384,46598
0.2833783378337834,30185,-361,17375,47199
0.28352835283528355,30912,-290,17387,48009
0.2836783678367837,31430,-219,17404,48615
0.2838283828382839,31854,-42,17436,49248
0.283978397839784,31854,-42,17436,49248
0.28412841284128415,32764,232,17519,50515
0.2842784278427843,32764,232,17519,50515
0.2844284428442844,32764,604,17514,50882
0.2845784578457846,32764,604,17514,50882
0.28472847284728475,32764,1301,17601,51666
0.2848784878487849,32764,1301,17601,51666
0.285028502850285,32764,1944,17526,52234
0.2851785178517852,32764,1944,17526,52234
0.28532853285328535,32764,2661,17502,52927
0.2854785478547855,32764,2661,17502,52927
0.28562856285628563,32764,2999,17478,53241
0.2857785778577858,32764,3232,17467,53463
0.28592859285928596,32525,3366,17438,53329
0.2860786078607861,31715,3435,17377,52527
0.28622862286228623,30939,3434,17313,51686
0.2863786378637864,30066,3347,17260,50673
0.28652865286528656,29116,3241,17220,49577
0.2866786678667867,28365,3140,17218,48723
0.28682868286828683,27398,2865,17218,47481
0.286978697869787,24758,2482,17146,44386
0.28712871287128716,24758,2201,17056,44015
0.2872787278727873,23855,1936,17026,42817
0.28742874287428744,22728,1620,17026,41374
0.2875787578757876,21238,1314,17011,39563
0.28772877287728776,19770,988,16976,37734
0.2878787878787879,18514,709,16957,36180
0.28802880288028804,17186,550,16956,34692
0.2881788178817882,15610,410,16919,32939
0.28832883288328837,14073,237,16848,31158
0.2884788478847885,12699,59,16790,29548
0.28862886288628864,11173,-99,16736,27810
0.2887788778877888,9518,-212,16683,25989
0.28892889288928897,8088,-287,16657,24458
0.2890789078907891,6742,-396,16628,22974
0.28922892289228924,5177,-507,16560,21230
0.2893789378937894,3598,-519,16482,19561
0.28952895289528957,2188,-522,16432,18098
0.2896789678967897,708,-597,16388,16499
0.28982898289828984,-909,-641,16322,14772
0.28997899789979,-2380,-649,16270,13241
0.2901290129012902,-3716,-685,16239,11838
0.2902790279027903,-5180,-727,16212,10305
0.29042904290429045,-5180,-727,16212,10305
0.2905790579057906,-8070,-698,16192,7424
0.2907290729072908,-8070,-698,16192,7424
0.2908790879087909,-11102,-682,16047,4263
0.29102910291029105,-11102,-682,16047,4263
0.2911791179117912,-13656,-700,15960,1604
0.2913291329132914,-13656,-700,15960,1604
0.2914791479147915,-16468,-723,15921,-1270
0.29162916291629165,-16468,-723,15921,-1270
0.2917791779177918,-19008,-835,15785,-4058
0.2919291929192919,-20474,-863,15718,-5619
0.2920792079207921,-20474,-863,15718,-5619
0.29222922292229225,-22534,-857,15688,-7703
0.2923792379237924,-22534,-857,15688,-7703
0.2925292529252925,-25213,-1132,15579,-10766
0.2926792679267927,-25213,-1132,15579,-10766
0.29282928292829286,-26934,-1122,15553,-12503
0.292979297929793,-26934,-1122,15553,-12503
0.29312931293129313,-29292,-1271,15493,-15070
0.2932793279327933,-29292,-1271,15493,-15070
0.29342934293429346,-30242,-1300,15491,-16051
0.2935793579357936,-30242,-1300,15491,-16051
0.29372937293729373,-31290,-1310,15482,-17118
0.2938793879387939,-32115,-1294,15452,-17957
0.29402940294029406,-32275,-1252,15479,-18048
0.2941794179417942,-32702,-1244,15486,-18460
0.29432943294329433,-32764,-1294,15435,-18623
0.2944794479447945,-32764,-1322,15427,-18659
0.29462946294629466,-32764,-1324,15465,-18623
0.2947794779477948,-32764,-1311,15500,-18575
0.29492949294929494,-32764,-1289,15549,-18504
0.29507950795079513,-32764,-1309,15578,-18495
0.29522952295229526,-32764,-1309,15552,-18521
0.2953795379537954,-32764,-1245,15536,-18473
0.29552955295529554,-32764,-1218,15560,-18422
0.29567956795679573,-32728,-1196,15596,-18328
0.29582958295829587,-32223,-1122,15622,-17723
0.295979597959796,-31659,-1081,15627,-17113
0.29612961296129614,-30940,-1088,15640,-16388
0.2962796279627963,-30019,-1080,15710,-15389
0.29642964296429647,-29346,-1031,15760,-14617
0.2965796579657966,-28859,-957,15726,-14090
0.29672967296729674,-27875,-858,15726,-13007
0.2968796879687969,-26637,-703,15802,-11538
0.29702970297029707,-25538,-590,15878,-10250
0.2971797179717972,-24256,-544,15964,-8836
0.29732973297329734,-23105,-461,16037,-7529
0.2974797479747975,-22550,-413,15988,-6975
0.2976297629762977,-21664,-345,15907,-6102
0.2977797779777978,-19661,-157,15981,-3837
0.29792979297929795,-17585,-34,16124,-1495
0.2980798079807981,-16430,-70,16172,-328
0.2982298229822983,-15516,-89,16144,539
0.2983798379837984,-14091,-68,16139,1980
0.29852985298529855,-12350,-73,16178,3755
0.2986798679867987,-10571,29,16214,5672
0.2988298829882989,-10571,29,16214,5672
0.298979897989799,-7098,-19,16397,9280
0.29912991299129915,-7098,-19,16397,9280
0.2992799279927993,-3997,-276,16531,12258
0.2994299429942995,-3997,-276,16531,12258
0.2995799579957996,-1040,-442,16561,15079
0.29972997299729975,-1040,-442,16561,15079
0.2998799879987999,2060,-563,16609,18106
0.3000300030003,2060,-563,16609,18106
0.3001800180018002,5297,-721,16683,21259
0.30033003300330036,5297,-721,16736,21312
0.3004800480048005,6646,-772,16802,22676
0.30063006300630063,8163,-812,16903,24254
0.3007800780078008,9843,-821,16977,25999
0.30093009300930096,11445,-848,16988,27585
0.3010801080108011,12829,-929,16996,28896
0.30123012301230123,14135,-994,17043,30184
0.3013801380138014,15613,-919,17106,31800
0.30153015301530156,17173,-832,17142,33483
0.3016801680168017,18444,-868,17127,34703
0.30183018301830183,19556,-882,17120,35794
0.301980198019802,20936,-864,17180,37252
0.30213021302130216,22369,-835,17255,38789
0.3022802280228023,23434,-745,17281,39970
0.30243024302430244,24394,-680,17273,40987
0.30258025802580263,25453,-665,17283,42071
0.30273027302730277,26248,-661,17310,42897
0.3028802880288029,26930,-615,17309,43624
0.30303030303030304,27968,-507,17322,44783
0.30318031803180323,28960,-424,17388,45924
0.30333033303330337,29514,-386,17427,46555
0.3034803480348035,30106,-341,17414,47179
0.30363036303630364,30912,-284,17412,48040
0.3037803780378038,31449,-209,17424,48664
0.30393039303930397,31800,-100,17453,49153
0.3040804080408041,32428,35,17524,49987
0.30423042304230424,32764,160,17574,50498
0.3043804380438044,32764,285,17554,50603
0.30453045304530457,32764,547,17542,50853
0.3046804680468047,32764,878,17587,51229
0.30483048304830485,32764,1143,17604,51511
0.304980498049805,32764,1452,17546,51762
0.3051305130513052,32764,1788,17482,52034
0.3052805280528053,32764,1788,17482,52034
0.30543054305430545,32764,2486,17440,52690
0.3055805580558056,32764,2486,17440,52690
0.3057305730573058,32764,3221,17434,53419
0.3058805880588059,32764,3221,17434,53419
0.30603060306030605,31790,3477,17319,52586
0.3061806180618062,31790,3477,17319,52586
0.3063306330633064,30361,3465,17284,51110
0.3064806480648065,30361,3465,17284,51110
0.30663066306630665,28666,3224,17252,49142
0.3067806780678068,27720,2941,17244,47905
0.306930693069307,27720,2941,17244,47905
0.3070807080708071,25065,2252,17095,44412
0.30723072307230725,25065,2252,17095,44412
0.3073807380738074,22954,1665,17148,41767
0.30753075307530753,22954,1665,17148,41767
0.3076807680768077,20057,998,17053,38108
0.30783078307830786,20057,998,17053,38108
0.307980798079808,17324,509,16956,34789
0.30813081308130813,17324,509,16956,34789
0.3082808280828083,14284,264,16853,31401
0.30843084308430846,14284,264,16853,31401
0.3085808580858086,12812,80,16776,29668
0.30873087308730873,11322,-78,16713,27957
0.3088808880888089,9788,-189,16670,26269
0.30903090309030906,8338,-288,16623,24673
0.3091809180918092,6918,-383,16568,23103
0.30933093309330933,5369,-473,16512,21408
0.3094809480948095,3806,-536,16468,19738
0.30963096309630966,2361,-541,16442,18262
0.3097809780978098,868,-553,16416,16731
0.30993099309930994,-725,-586,16375,15064
0.31008100810081013,-2204,-616,16346,13526
0.31023102310231027,-3603,-685,16323,12035
0.3103810381038104,-5073,-731,16277,10473
0.31053105310531054,-6510,-712,16240,9018
0.31068106810681073,-7883,-687,16207,7637
0.31083108310831087,-9315,-672,16144,6157
0.310981098109811,-10812,-700,16075,4563
0.31113111311131114,-12236,-740,16005,3029
0.3112811281128113,-13494,-734,15950,1722
0.31143114311431147,-14744,-700,15936,492
0.3115811581158116,-16134,-697,15918,-913
0.31173117311731174,-17489,-764,15842,-2411
0.3118811881188119,-18749,-838,15726,-3861
0.3120312031203121,-20096,-909,15631,-5374
0.3121812181218122,-21344,-919,15600,-6663
0.31233123312331235,-22335,-833,15603,-7565
0.3124812481248125,-23529,-868,15577,-8820
0.3126312631263127,-25017,-1029,15530,-10516
0.3127812781278128,-26157,-1102,15528,-11731
0.31293129312931295,-26878,-1138,15569,-12447
0.3130813081308131,-27876,-1240,15565,-13551
0.3132313231323133,-29107,-1305,15509,-14903
0.3133813381338134,-29107,-1305,15509,-14903
0.31353135313531355,-30297,-1275,15536,-16036
0.3136813681368137,-30297,-1275,15536,-16036
0.3138313831383139,-31885,-1318,15465,-17738
0.313981398139814,-31885,-1318,15465,-17738
0.31413141314131415,-32729,-1361,15496,-18594
0.3142814281428143,-32729,-1361,15496,-18594
0.3144314431443145,-32764,-1374,15489,-18649
0.3145814581458146,-32764,-1374,15489,-18649
0.31473147314731476,-32764,-1333,15496,-18601
0.3148814881488149,-32764,-1333,15496,-18601
0.31503150315031503,-32764,-1301,15530,-18535
0.3151815181518152,-32764,-1309,15575,-18498
0.31533153315331536,-32764,-1287,15567,-18484
0.3154815481548155,-32764,-1249,15540,-18473
0.31563156315631563,-32764,-1232,15562,-18434
0.3157815781578158,-32673,-1206,15597,-18282
0.31593159315931596,-32431,-1198,15591,-18038
0.3160816081608161,-32004,-1162,15579,-17587
0.31623162316231623,-31171,-1074,15628,-16617
0.3163816381638164,-30240,-984,15728,-15496
0.31653165316531656,-29472,-921,15796,-14597
0.3166816681668167,-28795,-906,15797,-13904
0.31683168316831684,-27909,-894,15796,-13007
0.316981698169817,-26851,-798,15850,-11799
0.31713171317131716,-25745,-660,15936,-10469
0.3172817281728173,-24417,-544,16020,-8941
0.31743174317431744,-23214,-418,16057,-7575
0.31758175817581763,-22536,-331,15996,-6871
0.31773177317731777,-21674,-264,15920,-6018
0.3178817881788179,-19926,-130,15969,-4087
0.31803180318031804,-17950,-2,16083,-1869
0.31818181818181823,-16594,-24,16120,-498
0.31833183318331837,-15534,-98,16088,456
0.3184818481848185,-14183,-94,16088,1811
0.31863186318631864,-12513,-102,16156,3541
0.3187818781878188,-10756,14,16237,5495
0.31893189318931897,-9040,184,16324,7468
0.3190819081908191,-7369,57,16439,9127
0.31923192319231924,-5790,-181,16526,10555
0.3193819381938194,-4206,-286,16559,12067
0.3195319531953196,-2587,-388,16587,13612
0.3196819681968197,-1132,-512,16620,14976
0.31983198319831985,238,-579,16637,16296
0.31998199819982,1807,-622,16658,17843
0.3201320132013202,1807,-622,16658,17843
0.3202820282028203,5112,-732,16793,21173
0.32043204320432045,5112,-732,16793,21173
0.3205820582058206,7856,-790,16901,23967
0.3207320732073208,7856,-790,16901,23967
0.3208820882088209,11144,-890,16947,27201
0.32103210321032105,11144,-890,16947,27201
0.3211821182118212,13880,-987,16998,29891
0.3213321332133214,13880,-987,16998,29891
0.3214821482148215,16886,-848,17045,33083
0.32163216321632165,18232,-880,17102,34454
0.3217821782178218,18232,-880,17102,34454
0.321932193219322,20668,-859,17178,36987
0.3220822082208221,20668,-859,17178,36987
0.32223222322232226,23095,-804,17254,39545
0.3223822382238224,23095,-804,17254,39545
0.3225322532253226,25316,-706,17333,41943
0.3226822682268227,25316,-706,17333,41943
0.32283228322832286,26898,-669,17366,43595
0.322982298229823,26898,-669,17366,43595
0.32313231323132313,28931,-444,17453,45940
0.3232823282328233,28931,-444,17453,45940
0.32343234323432346,29511,-441,17478,46548
0.3235823582358236,29996,-415,17452,47033
0.32373237323732373,30782,-307,17467,47942
0.3238823882388239,31349,-148,17490,48691
0.32403240324032406,31634,-30,17458,49062
0.3241824182418242,32228,24,17424,49676
0.32433243324332434,32764,158,17427,50349
0.32448244824482453,32764,357,17440,50561
0.32463246324632467,32764,564,17472,50800
0.3247824782478248,32764,866,17534,51164
0.32493249324932494,32764,1170,17545,51479
0.32508250825082513,32764,1465,17476,51705
0.32523252325232527,32764,1844,17433,52041
0.3253825382538254,32764,2209,17464,52437
0.32553255325532554,32764,2569,17480,52813
0.32568256825682573,32764,2939,17453,53156
0.32583258325832587,32764,3169,17443,53376
0.325982598259826,32764,3279,17447,53490
0.32613261326132614,32083,3394,17416,52893
0.32628262826282634,31288,3468,17364,52120
0.32643264326432647,30457,3380,17315,51152
0.3265826582658266,29442,3231,17268,49941
0.32673267326732675,28605,3136,17258,48999
0.3268826882688269,27810,2930,17282,48022
0.3270327032703271,26557,2599,17252,46408
0.3271827182718272,25262,2290,17189,44741
0.32733273327332735,24244,1983,17153,43380
0.3274827482748275,23041,1625,17095,41761
0.3276327632763277,21630,1278,17015,39923
0.3277827782778278,20306,1020,16972,38298
0.32793279327932795,18974,782,16965,36721
0.3280828082808281,17542,548,16961,35051
0.3282328232823283,17542,548,16961,35051
0.3283828382838284,14506,246,16854,31606
0.32853285328532855,14506,246,16854,31606
0.3286828682868287,11503,-22,16710,28191
0.3288328832883289,11503,-22,16710,28191
0.328982898289829,8607,-214,16664,25057
0.32913291329132915,8607,-214,16664,25057
0.3292829282928293,5715,-426,16582,21871
0.3294329432943295,5715,-426,16582,21871
0.3295829582958296,2481,-441,16482,18522
0.32973297329732976,2481,-441,16482,18522
0.3298829882988299,1054,-493,16440,17001
0.3300330033003301,-491,-555,16374,15328
0.3301830183018302,-2062,-596,16304,13646
0.33033303330333036,-3475,-634,16248,12139
0.3304830483048305,-4852,-650,16211,10709
0.33063306330633063,-6281,-654,16206,9271
0.3307830783078308,-7669,-697,16200,7834
0.33093309330933096,-9059,-744,16155,6352
0.3310831083108311,-10554,-732,16106,4820
0.33123312331233123,-12055,-714,16069,3300
0.3313831383138314,-13397,-715,16034,1922
0.33153315331533156,-14675,-696,16002,631
0.3316831683168317,-16032,-710,15942,-800
0.33183318331833184,-17330,-757,15869,-2218
0.33198319831983203,-18543,-790,15836,-3497
0.33213321332133217,-19904,-819,15804,-4919
0.3322832283228323,-21243,-818,15732,-6329
0.33243324332433244,-22270,-821,15670,-7421
0.33258325832583263,-23377,-906,15628,-8655
0.33273327332733277,-24736,-1032,15603,-10165
0.3328832883288329,-25900,-1091,15600,-11391
0.33303330333033304,-26877,-1103,15572,-12408
0.33318331833183323,-27923,-1165,15516,-13572
0.33333333333333337,-28943,-1230,15488,-14685
0.3334833483348335,-29662,-1228,15491,-15399
0.33363336333633364,-30135,-1246,15503,-15878
0.33378337833783384,-30811,-1280,15489,-16602
0.333933393339334,-31700,-1296,15450,-17546
0.3340834083408341,-32311,-1327,15459,-18179
0.33423342334233425,-32666,-1349,15498,-18517
0.3343834383438344,-32764,-1363,15486,-18641
0.3345334533453346,-32764,-1341,15448,-18657
0.3346834683468347,-32764,-1341,15448,-18657
0.33483348334833485,-32764,-1325,15524,-18565
0.334983498349835,-32764,-1325,15524,-18565
0.3351335133513352,-32764,-1295,15554,-18505
0.3352835283528353,-32764,-1295,15554,-18505
0.33543354335433545,-32764,-1283,15578,-18469
0.3355835583558356,-32764,-1283,15578,-18469
0.3357335733573358,-32764,-1298,15600,-18462
0.3358835883588359,-32764,-1298,15600,-18462
0.33603360336033605,-32070,-1178,15583,-17665
0.3361836183618362,-32070,-1178,15583,-17665
0.3363336333633364,-31208,-1112,15646,-16674
0.3364836483648365,-29571,-1031,15759,-14843
0.33663366336633666,-29571,-1031,15759,-14843
0.3367836783678368,-28082,-888,15731,-13239
0.336933693369337,-28082,-888,15731,-13239
0.3370837083708371,-25784,-677,15894,-10567
0.33723372337233726,-25784,-677,15894,-10567
0.3373837383738374,-23332,-476,15984,-7824
0.3375337533753376,-23332,-476,15984,-7824
0.3376837683768377,-21778,-258,15945,-6091
0.33783378337833786,-21778,-258,15945,-6091
0.337983798379838,-20312,-174,15934,-4552
0.33813381338133813,-18332,-82,16026,-2388
0.3382838283828383,-16773,-57,16137,-693
0.33843384338433846,-15698,-82,16174,394
0.3385838583858386,-14430,-51,16153,1672
0.33873387338733874,-12688,-44,16162,3430
0.3388838883888389,-10841,45,16217,5421
0.33903390339033906,-9247,161,16294,7208
0.3391839183918392,-7777,30,16390,8643
0.33933393339333934,-6204,-159,16483,10120
0.33948394839483953,-4488,-230,16544,11826
0.33963396339633967,-2821,-305,16575,13449
0.3397839783978398,-1384,-432,16587,14771
0.33993399339933994,16,-555,16597,16058
0.34008400840084013,1618,-628,16618,17608
0.34023402340234027,3294,-660,16679,19313
0.3403840384038404,4808,-692,16771,20887
0.34053405340534054,6218,-759,16831,22290
0.34068406840684073,7670,-824,16856,23702
0.34083408340834087,9230,-840,16892,25282
0.340984098409841,10886,-844,16940,26982
0.34113411341134114,12415,-880,16990,28525
0.34128412841284134,13698,-964,17031,29765
0.3414341434143415,15028,-984,17046,31090
0.3415841584158416,16603,-910,17070,32763
0.34173417341734175,18061,-866,17134,34329
0.3418841884188419,19254,-850,17186,35590
0.3420342034203421,20568,-825,17192,36935
0.3421842184218422,21949,-814,17196,38331
0.34233423342334235,22998,-808,17232,39422
0.3424842484248425,23949,-738,17286,40497
0.3426342634263427,25120,-630,17327,41817
0.3427842784278428,26052,-615,17314,42751
0.34293429342934295,26685,-624,17267,43328
0.3430843084308431,26685,-624,17267,43328
0.3432343234323433,28915,-465,17386,45836
0.3433843384338434,28915,-465,17386,45836
0.34353435343534355,29833,-415,17396,46814
0.3436843684368437,29833,-415,17396,46814
0.3438343834383439,31289,-221,17468,48536
0.343984398439844,31289,-221,17468,48536
0.34413441344134416,32273,-10,17484,49747
0.3442844284428443,32273,-10,17484,49747
0.3444344434443445,32764,392,17533,50689
0.3445844584458446,32764,392,17585,50741
0.34473447344734476,32764,624,17595,50983
0.3448844884488449,32764,849,17574,51187
0.3450345034503451,32764,1131,17535,51430
0.3451845184518452,32764,1508,17492,51764
0.34533453345334536,32764,1891,17489,52144
0.3454845484548455,32764,2210,17516,52490
0.3456345634563457,32764,2533,17498,52795
0.3457845784578458,32764,2846,17417,53027
0.34593459345934596,32764,3100,17370,53234
0.3460846084608461,32764,3299,17395,53458
0.34623462346234624,32293,3416,17378,53087
0.34638463846384643,31317,3420,17293,52030
0.34653465346534656,30486,3319,17242,51047
0.3466846684668467,29619,3176,17239,50034
0.34683468346834684,28731,3054,17236,49021
0.34698469846984703,27918,2870,17228,48016
0.34713471347134717,26674,2532,17183,46389
0.3472847284728473,25264,2172,17120,44556
0.34743474347434744,24254,1914,17122,43290
0.34758475847584763,23172,1649,17117,41938
0.34773477347734777,21744,1304,17034,40082
0.3478847884788479,20399,1018,16976,38393
0.34803480348034804,19181,783,16982,36946
0.34818481848184824,17788,525,16970,35283
0.34833483348334837,16248,367,16906,33521
0.3484848484848485,14730,268,16826,31824
0.34863486348634865,13234,116,16754,30104
0.34878487848784884,11738,-24,16693,28407
0.348934893489349,10266,-146,16645,26765
0.3490849084908491,8851,-254,16602,25199
0.34923492349234925,7459,-341,16564,23682
0.34938493849384944,5937,-431,16533,22039
0.3495349534953496,5937,-431,16533,22039
0.3496849684968497,2825,-485,16458,18798
0.34983498349834985,2825,-485,16458,18798
0.34998499849985,-204,-508,16388,15676
0.3501350135013502,-204,-508,16388,15676
0.3502850285028503,-3175,-567,16320,12578
0.35043504350435045,-3175,-567,16320,12578
0.3505850585058506,-6135,-630,16252,9487
0.3507350735073508,-6135,-630,16252,9487
0.3508850885088509,-8857,-585,16176,6734
0.35103510351035105,-8857,-585,16176,6734
0.3511851185118512,-10352,-551,16089,5186
0.3513351335133514,-13132,-646,15931,2153
0.3514851485148515,-13132,-646,15931,2153
0.35163516351635166,-15865,-662,15868,-659
0.3517851785178518,-15865,-662,15868,-659
0.351935193519352,-18408,-738,15809,-3337
0.3520852085208521,-18408,-738,15809,-3337
0.35223522352235226,-21129,-868,15687,-6310
0.3523852385238524,-21129,-868,15687,-6310
0.3525352535253526,-23228,-870,15643,-8455
0.3526852685268527,-23228,-870,15643,-8455
0.35283528352835286,-24625,-972,15618,-9979
0.352985298529853,-25854,-1063,15591,-11326
0.3531353135313532,-26721,-1098,15574,-12245
0.3532853285328533,-27776,-1173,15534,-13415
0.35343534353435346,-28956,-1240,15497,-14699
0.3535853585358536,-29678,-1218,15516,-15380
0.35373537353735374,-30137,-1196,15553,-15780
0.35388538853885393,-30827,-1244,15550,-16521
0.35403540354035407,-31620,-1312,15527,-17405
0.3541854185418542,-32164,-1346,15529,-17981
0.35433543354335434,-32595,-1368,15548,-18415
0.35448544854485453,-32764,-1396,15528,-18632
0.35463546354635467,-32764,-1404,15477,-18691
0.3547854785478548,-32764,-1406,15471,-18699
0.35493549354935494,-32764,-1380,15499,-18645
0.35508550855085513,-32764,-1346,15487,-18623
0.35523552355235527,-32764,-1349,15474,-18639
0.3553855385538554,-32764,-1325,15503,-18586
0.35553555355535554,-32764,-1304,15512,-18556
0.35568556855685574,-32764,-1331,15529,-18566
0.3558355835583559,-32757,-1290,15584,-18463
0.355985598559856,-32361,-1234,15608,-17987
0.35613561356135615,-32060,-1232,15622,-17670
0.35628562856285634,-31310,-1165,15690,-16785
0.3564356435643565,-30340,-1090,15776,-15654
0.3565856585658566,-29703,-1058,15811,-14950
0.35673567356735675,-29163,-969,15794,-14338
0.35688568856885694,-28240,-891,15797,-13334
0.3570357035703571,-27057,-826,15845,-12038
0.3571857185718572,-25946,-728,15877,-10797
0.35733573357335735,-24766,-638,15890,-9514
0.3574857485748575,-23539,-527,15934,-8132
0.3576357635763577,-22729,-527,15934,-7322
0.3577857785778578,-22027,-404,15887,-6544
0.35793579357935795,-22027,-404,15887,-6544
0.3580858085808581,-18548,-130,16022,-2656
0.3582358235823583,-18548,-130,16022,-2656
0.3583858385838584,-15990,-68,16174,116
0.35853585358535855,-15990,-68,16174,116
0.3586858685868587,-13094,-121,16145,2930
0.3588358835883589,-13094,-121,16145,2930
0.358985898589859,-9492,163,16308,6979
0.35913591359135916,-9492,163,16308,6979
0.3592859285928593,-7891,172,16393,8674
0.3594359435943595,-6365,1,16440,10076
0.3595859585958596,-4735,-150,16488,11603
0.35973597359735976,-3097,-247,16584,13240
0.3598859885988599,-1625,-327,16677,14725
0.3600360036003601,-210,-445,16709,16054
0.3601860186018602,1360,-540,16722,17542
0.36033603360336036,3017,-582,16769,19204
0.3604860486048605,4599,-646,16834,20787
0.3606360636063607,6092,-699,16868,22261
0.3607860786078608,7530,-736,16876,23670
0.36093609360936096,9075,-781,16916,25210
0.3610861086108611,10781,-780,16981,26982
0.36123612361236124,12304,-821,17005,28488
0.36138613861386143,13513,-930,16974,29557
0.36153615361536157,14838,-912,16962,30888
0.3616861686168617,16482,-798,17018,32702
0.36183618361836184,17975,-789,17088,34274
0.36198619861986203,19114,-854,17106,35366
0.36213621362136217,20378,-865,17101,36614
0.3622862286228623,21807,-798,17150,38159
0.36243624362436244,22915,-742,17241,39414
0.36258625862586263,23813,-724,17302,40391
0.36273627362736277,24976,-697,17326,41605
0.3628862886288629,26062,-690,17328,42700
0.36303630363036304,26725,-654,17319,43390
0.36318631863186324,27616,-538,17363,44441
0.3633363336333634,28824,-442,17453,45835
0.3634863486348635,29478,-402,17460,46536
0.36363636363636365,29734,-373,17391,46752
0.36378637863786384,30433,-317,17399,47515
0.363936393639364,31210,-210,17472,48472
0.3640864086408641,31546,-80,17480,48946
0.36423642364236425,31984,52,17466,49502
0.36438643864386444,31984,52,17466,49502
0.3645364536453646,32764,344,17542,50650
0.3646864686468647,32764,344,17542,50650
0.36483648364836485,32764,752,17478,50994
0.364986498649865,32764,752,17478,50994
0.3651365136513652,32764,1430,17576,51770
0.3652865286528653,32764,1430,17576,51770
0.36543654365436545,32764,2044,17488,52296
0.3655865586558656,32764,2044,17488,52296
0.3657365736573658,32764,2762,17499,53025
0.3658865886588659,32764,2762,17499,53025
0.36603660366036606,32764,3108,17560,53432
0.3661866186618662,32194,3300,17457,52951
0.3663366336633664,32194,3300,17457,52951
0.3664866486648665,30662,3373,17351,51386
0.36663666366636666,30662,3373,17351,51386
0.3667866786678668,28932,3232,17314,49478
0.366936693669367,28932,3232,17314,49478
0.3670867086708671,26897,2632,17208,46737
0.36723672367236726,26897,2632,17208,46737
0.3673867386738674,24478,2054,17119,43651
0.3675367536753676,24478,2054,17119,43651
0.3676867686768677,23453,1743,17103,42299
0.36783678367836786,22112,1392,17032,40536
0.367986798679868,20697,1083,16977,38757
0.3681368136813682,19358,823,16936,37117
0.36828682868286833,18012,581,16892,35485
0.36843684368436846,16548,444,16855,33847
0.3685868586858686,14978,348,16815,32141
0.36873687368736874,13486,126,16774,30386
0.36888688868886893,12114,-84,16728,28758
0.36903690369036907,10599,-184,16652,27067
0.3691869186918692,8977,-268,16585,25294
0.36933693369336934,7542,-352,16582,23772
0.36948694869486953,6108,-475,16580,22213
0.36963696369636967,4465,-572,16526,20419
0.3697869786978698,2890,-546,16478,18822
0.36993699369936994,1467,-540,16455,17382
0.37008700870087013,-52,-597,16420,15771
0.37023702370237027,-1622,-625,16360,14113
0.3703870387038704,-3067,-678,16298,12553
0.37053705370537054,-4491,-733,16240,11016
0.37068706870687074,-5928,-703,16197,9566
0.3708370837083709,-7320,-687,16164,8157
0.370987098709871,-8785,-686,16114,6643
0.37113711371137115,-10298,-649,16056,5109
0.37128712871287134,-11716,-687,15994,3591
0.3714371437143715,-13020,-728,15924,2176
0.3715871587158716,-14313,-678,15853,862
0.37173717371737175,-15705,-682,15790,-597
0.37188718871887194,-17056,-719,15768,-2007
0.3720372037203721,-18287,-722,15766,-3243
0.3721872187218722,-19662,-779,15720,-4721
0.37233723372337235,-21022,-800,15662,-6160
0.37248724872487254,-21022,-800,15662,-6160
0.3726372637263727,-23079,-766,15673,-8172
0.3727872787278728,-23079,-766,15673,-8172
0.37293729372937295,-25644,-1042,15644,-11042
0.3730873087308731,-25644,-1042,15644,-11042
0.3732373237323733,-27616,-1064,15544,-13136
0.3733873387338734,-27616,-1064,15544,-13136
0.37353735373537356,-29443,-1142,15475,-15110
0.3736873687368737,-29443,-1142,15475,-15110
0.3738373837383739,-30593,-1202,15476,-16319
0.373987398739874,-30593,-1202,15476,-16319
0.37413741374137416,-31518,-1288,15493,-17313
0.3742874287428743,-32126,-1297,15502,-17921
0.3744374437443745,-32507,-1313,15503,-18317
0.3745874587458746,-32764,-1324,15461,-18627
0.37473747374737476,-32764,-1310,15432,-18642
0.3748874887488749,-32764,-1342,15470,-18636
0.3750375037503751,-32764,-1368,15486,-18646
0.3751875187518752,-32764,-1387,15451,-18700
0.37533753375337536,-32764,-1397,15476,-18685
0.3754875487548755,-32764,-1360,15541,-18583
0.3756375637563757,-32764,-1360,15549,-18575
0.37578757875787583,-32764,-1386,15532,-18618
0.37593759375937597,-32764,-1366,15545,-18585
0.3760876087608761,-32640,-1317,15573,-18384
0.3762376237623763,-32306,-1250,15602,-17954
0.37638763876387643,-31531,-1182,15648,-17065
0.37653765376537657,-30540,-1134,15714,-15960
0.3766876687668767,-29748,-1101,15766,-15083
0.37683768376837684,-29154,-1092,15775,-14471
0.37698769876987703,-28387,-1071,15774,-13684
0.37713771377137717,-27396,-941,15798,-12539
0.3772877287728773,-26373,-795,15833,-11335
0.37743774377437744,-25090,-722,15900,-9912
0.37758775877587764,-23655,-587,15998,-8244
0.37773777377737777,-22810,-484,16002,-7292
0.3778877887788779,-22252,-478,15884,-6846
0.37803780378037805,-20834,-349,15852,-5331
0.37818781878187824,-18758,-148,15984,-2922
0.3783378337833784,-17200,-83,16106,-1177
0.3784878487848785,-16211,-51,16120,-142
0.37863786378637865,-15000,14,16105,1119
0.37878787878787884,-13328,14,16159,2845
0.378937893789379,-11486,134,16263,4911
0.3790879087908791,-9710,316,16348,6954
0.37923792379237925,-9710,316,16348,6954
0.37938793879387944,-6434,72,16487,10125
0.3795379537953796,-6434,72,16487,10125
0.3796879687968797,-3098,-96,16656,13462
0.37983798379837985,-3098,-96,16656,13462
0.37998799879988004,-416,-297,16637,15924
0.3801380138013802,-416,-297,16637,15924
0.3802880288028803,3040,-484,16727,19283
0.38043804380438045,3040,-484,16727,19283
0.3805880588058806,5936,-647,16812,22101
0.3807380738073808,5936,-647,16812,22101
0.3808880888088809,7313,-755,16814,23372
0.38103810381038106,10549,-840,16901,26610
0.3811881188118812,10549,-840,16901,26610
0.3813381338133814,13339,-936,16928,29331
0.3814881488148815,13339,-936,16928,29331
0.38163816381638166,16236,-948,17043,32331
0.3817881788178818,16236,-948,17043,32331
0.381938193819382,18904,-945,17090,35049
0.3820882088208821,18904,-945,17090,35049
0.38223822382238226,20093,-888,17140,36345
0.3823882388238824,21540,-814,17263,37989
0.3825382538253826,22733,-778,17352,39307
0.3826882688268827,23615,-775,17346,40186
0.38283828382838286,24724,-747,17324,41301
0.382988298829883,25890,-712,17368,42546
0.3831383138313832,26690,-664,17421,43447
0.38328832883288333,27469,-564,17422,44327
0.38343834383438347,28485,-496,17417,45406
0.3835883588358836,29247,-484,17437,46200
0.3837383738373838,29717,-408,17462,46771
0.38388838883888393,30435,-299,17507,47643
0.38403840384038407,31139,-245,17523,48417
0.3841884188418842,31395,-216,17463,48642
0.38433843384338434,31770,-169,17428,49029
0.38448844884488453,32537,-60,17493,49970
0.38463846384638467,32764,111,17554,50429
0.3847884788478848,32764,256,17516,50536
0.38493849384938494,32764,405,17463,50632
0.38508850885088514,32764,692,17498,50954
0.3852385238523853,32764,1034,17550,51348
0.3853885388538854,32764,1306,17533,51603
0.38553855385538555,32764,1613,17491,51868
0.38568856885688574,32764,1613,17491,51868
0.3858385838583859,32764,2424,17512,52700
0.385988598859886,32764,2796,17506,53066
0.38613861386138615,32764,3106,17476,53346
0.38628862886288634,32458,3393,17437,53288
0.3864386438643865,31763,3661,17393,52817
0.3865886588658866,30970,3736,17344,52050
0.38673867386738675,30046,3649,17276,50971
0.38688868886888694,29214,3614,17220,50048
0.3870387038703871,28484,3521,17223,49228
0.3871887188718872,27329,3232,17214,47775
0.38733873387338735,27329,3232,17214,47775
0.38748874887488755,24832,2533,17078,44443
0.3876387638763877,24832,2533,17078,44443
0.3877887788778878,22364,1844,17013,41221
0.38793879387938796,22364,1844,17013,41221
0.3880888088808881,19561,1135,16994,37690
0.3882388238823883,19561,1135,16994,37690
0.3883888388838884,16784,548,16906,34238
0.38853885388538856,16784,548,16906,34238
0.3886888688868887,13740,232,16786,30758
0.3888388838883889,13740,232,16786,30758
0.388988898889889,12231,52,16747,29030
0.38913891389138916,10670,-90,16700,27280
0.3892889288928893,9131,-244,16649,25536
0.3894389438943895,7722,-375,16642,23989
0.3895889588958896,6263,-484,16640,22419
0.38973897389738976,4622,-567,16583,20638
0.3898889888988899,3041,-620,16510,18931
0.3900390039003901,1583,-676,16449,17356
0.3901890189018902,59,-753,16382,15688
0.39033903390339036,-1477,-790,16314,14047
0.3904890489048905,-2893,-813,16274,12568
0.3906390639063907,-4331,-916,16248,11001
0.39078907890789083,-5816,-981,16220,9423
0.39093909390939097,-7222,-996,16192,7974
0.3910891089108911,-8651,-1023,16144,6470
0.3912391239123913,-10159,-974,16073,4940
0.39138913891389143,-11622,-959,15990,3409
0.39153915391539157,-12923,-1002,15924,1999
0.3916891689168917,-14129,-967,15914,818
0.39183918391839184,-15464,-951,15914,-501
0.39198919891989203,-16838,-947,15884,-1901
0.39213921392139217,-18070,-919,15841,-3148
0.3922892289228923,-19378,-960,15779,-4559
0.39243924392439244,-20741,-1007,15721,-6027
0.39258925892589264,-21838,-967,15703,-7102
0.3927392739273928,-22846,-901,15691,-8056
0.3928892889288929,-24092,-887,15659,-9320
0.39303930393039305,-25406,-919,15625,-10700
0.39318931893189324,-26340,-930,15613,-11657
0.3933393339333934,-27118,-978,15608,-12488
0.3934893489348935,-28342,-1080,15552,-13870
0.39363936393639365,-29410,-1106,15489,-15027
0.39378937893789384,-29410,-1106,15489,-15027
0.393939393939394,-30452,-1116,15492,-16076
0.3940894089408941,-30452,-1116,15492,-16076
0.39423942394239425,-31929,-1125,15454,-17600
0.39438943894389444,-31929,-1125,15454,-17600
0.3945394539453946,-32764,-1199,15446,-18517
0.3946894689468947,-32764,-1199,15446,-18517
0.39483948394839485,-32764,-1243,15437,-18570
0.39498949894989505,-32764,-1243,15437,-18570
0.3951395139513952,-32764,-1243,15504,-18503
0.3952895289528953,-32764,-1243,15504,-18503
0.39543954395439546,-32764,-1254,15527,-18491
0.3955895589558956,-32764,-1238,15554,-18448
0.3957395739573958,-32764,-1178,15586,-18356
0.3958895889588959,-32764,-1205,15608,-18361
0.39603960396039606,-32764,-1205,15608,-18361
0.3961896189618962,-32035,-1126,15623,-17538
0.3963396339633964,-32035,-1126,15623,-17538
0.3964896489648965,-30692,-1085,15669,-16108
0.39663966396639666,-30692,-1085,15669,-16108
0.3967896789678968,-29176,-1000,15763,-14413
0.396939693969397,-29176,-1000,15763,-14413
0.3970897089708971,-28596,-902,15737,-13761
0.39723972397239726,-27626,-812,15766,-12672
0.3973897389738974,-26444,-750,15850,-11344
0.3975397539753976,-25179,-672,15928,-9923
0.39768976897689773,-23908,-546,15996,-8458
0.39783978397839787,-23053,-436,16024,-7465
0.397989798979898,-22453,-402,15968,-6887
0.3981398139813982,-21198,-366,15939,-5625
0.39828982898289833,-19132,-267,16041,-3358
0.39843984398439847,-17338,-203,16160,-1381
0.3985898589858986,-16275,-174,16184,-265
0.3987398739873988,-15177,-138,16150,835
0.39888988898889893,-13578,-141,16146,2427
0.39903990399039907,-11739,-59,16195,4397
0.3991899189918992,-10010,107,16271,6368
0.3993399339933994,-8405,130,16371,8096
0.39948994899489954,-6774,16,16471,9713
0.39963996399639967,-5088,-106,16528,11334
0.3997899789978998,-3416,-209,16549,12924
0.39993999399939995,-1924,-340,16565,14301
0.40009000900090014,-584,-462,16591,15545
0.4002400240024003,941,-510,16633,17064
0.4003900390039004,2651,-560,16684,18775
0.40054005400540055,2651,-560,16684,18775
0.40069006900690074,5714,-689,16756,21781
0.4008400840084009,7206,-780,16810,23236
0.400990099009901,8741,-826,16879,24794
0.40114011401140115,10384,-828,16924,26480
0.40129012901290134,11984,-875,16943,28052
0.4014401440144015,13294,-938,16975,29331
0.4015901590159016,14539,-940,17025,30624
0.40174017401740175,16047,-865,17072,32254
0.40189018901890194,17530,-806,17114,33838
0.4020402040204021,18707,-816,17164,35055
0.4021902190219022,18707,-816,17164,35055
0.40234023402340235,21348,-785,17286,37849
0.40249024902490255,21348,-785,17286,37849
0.4026402640264027,23558,-739,17305,40124
0.4027902790279028,23558,-739,17305,40124
0.40294029402940296,25825,-594,17341,42572
0.40309030903090315,25825,-594,17341,42572
0.4032403240324033,27250,-568,17308,43990
0.4033903390339034,27250,-568,17308,43990
0.40354035403540356,29240,-398,17332,46174
0.4036903690369037,29240,-398,17394,46236
0.4038403840384039,29660,-383,17424,46701
0.403990399039904,30257,-353,17430,47334
0.40414041404140416,30986,-322,17428,48092
0.4042904290429043,31408,-246,17405,48567
0.4044404440444045,31868,-109,17409,49168
0.4045904590459046,32606,20,17453,50079
0.40474047404740476,32764,149,17471,50384
0.4048904890489049,32764,293,17456,50513
0.4050405040504051,32764,499,17469,50732
0.40519051905190523,32764,817,17514,51095
0.40534053405340537,32764,1179,17518,51461
0.4054905490549055,32764,1532,17476,51772
0.4056405640564057,32764,1853,17464,52081
0.40579057905790583,32764,2181,17494,52439
0.40594059405940597,32764,2589,17498,52851
0.4060906090609061,32764,2968,17473,53205
0.4062406240624063,32764,3220,17484,53468
0.40639063906390643,32678,3423,17498,53599
0.40654065406540657,31822,3570,17428,52820
0.4066906690669067,30888,3615,17325,51828
0.4068406840684069,30094,3551,17264,50909
0.40699069906990704,29284,3434,17228,49946
0.4071407140714072,28486,3270,17208,48964
0.4072907290729073,27418,2956,17186,47560
0.40744074407440745,25997,2600,17134,45731
0.40759075907590764,24770,2326,17095,44191
0.4077407740774078,23767,2040,17081,42888
0.4078907890789079,22533,1690,17049,41272
0.40804080408040805,21095,1342,17007,39444
0.40819081908190824,19679,1025,16978,37682
0.4083408340834084,18294,756,16957,36007
0.4084908490849085,16871,579,16932,34382
0.40864086408640865,16871,579,16932,34382
0.40879087908790884,13864,243,16825,30932
0.408940894089409,13864,243,16825,30932
0.4090909090909091,11000,-138,16767,27629
0.40924092409240925,11000,-138,16767,27629
0.40939093909390945,7804,-312,16652,24144
0.4095409540954096,7804,-312,16652,24144
0.4096909690969097,4838,-513,16533,20858
0.40984098409840986,4838,-513,16533,20858
0.40999099909991005,1762,-585,16442,17619
0.4101410141014102,1762,-585,16442,17619
0.4102910291029103,304,-610,16376,16070
0.41044104410441046,-1228,-668,16319,14423
0.41059105910591065,-2689,-714,16292,12889
0.4107410741074108,-5552,-832,16194,9810
0.4108910891089109,-5552,-832,16194,9810
0.41104110411041106,-8389,-766,16107,6952
0.4111911191119112,-8389,-766,16107,6952
0.4113411341134114,-11269,-766,16032,3997
0.4114911491149115,-11269,-766,16032,3997
0.41164116411641166,-13878,-804,15968,1286
0.4117911791179118,-13878,-804,15968,1286
0.411941194119412,-15192,-787,15964,-15
0.4120912091209121,-16546,-838,15941,-1443
0.41224122412241226,-17806,-862,15890,-2778
0.4123912391239124,-19109,-872,15820,-4161
0.4125412541254126,-20510,-828,15762,-5576
0.41269126912691273,-21652,-750,15738,-6664
0.41284128412841287,-22628,-788,15702,-7714
0.412991299129913,-23932,-932,15622,-9242
0.4131413141314132,-25316,-1057,15548,-10825
0.41329132913291333,-26256,-1095,15526,-11825
0.41344134413441347,-27128,-1107,15515,-12720
0.4135913591359136,-28323,-1180,15471,-14032
0.4137413741374138,-29317,-1220,15440,-15097
0.41389138913891393,-29840,-1182,15462,-15560
0.41404140414041407,-30437,-1188,15494,-16131
0.4141914191419142,-31316,-1250,15486,-17080
0.4143414341434144,-32048,-1284,15458,-17874
0.41449144914491454,-32504,-1314,15477,-18341
0.4146414641464147,-32764,-1338,15514,-18588
0.4147914791479148,-32764,-1318,15510,-18572
0.41494149414941495,-32764,-1294,15501,-18557
0.41509150915091514,-32764,-1282,15517,-18529
0.4152415241524153,-32764,-1285,15517,-18532
0.4153915391539154,-32764,-1285,15517,-18532
0.41554155415541555,-32764,-1290,15550,-18504
0.41569156915691574,-32764,-1256,15553,-18467
0.4158415841584159,-32764,-1241,15565,-18440
0.415991599159916,-32764,-1214,15624,-18354
0.41614161416141615,-32764,-1190,15634,-18320
0.41629162916291634,-32344,-1178,15606,-17916
0.4164416441644165,-31638,-1121,15631,-17128
0.4165916591659166,-30752,-1027,15705,-16074
0.41674167416741675,-29926,-961,15776,-15111
0.41689168916891695,-29304,-934,15772,-14466
0.4170417041704171,-29304,-934,15772,-14466
0.4171917191719172,-27700,-841,15706,-12835
0.41734173417341736,-27700,-841,15706,-12835
0.41749174917491755,-25416,-604,15888,-10132
0.4176417641764177,-25416,-604,15888,-10132
0.4177917791779178,-22965,-356,16006,-7315
0.41794179417941796,-22965,-356,16006,-7315
0.41809180918091815,-21151,-285,15892,-5544
0.4182418241824183,-21151,-285,15892,-5544
0.4183918391839184,-17411,-106,15966,-1551
0.41854185418541856,-17411,12,16095,-1304
0.4186918691869187,-16247,-18,16154,-111
0.4188418841884189,-15212,-58,16128,858
0.418991899189919,-13788,-108,16102,2206
0.41914191419141916,-11976,-53,16163,4134
0.4192919291929193,-10135,170,16265,6300
0.4194419441944195,-8524,212,16340,8028
0.41959195919591963,-6970,-18,16394,9406
0.41974197419741976,-5281,-197,16432,10954
0.4198919891989199,-3556,-303,16483,12624
0.4200420042004201,-2012,-436,16569,14121
0.42019201920192023,-654,-538,16645,15453
0.42034203420342037,780,-584,16678,16874
0.4204920492049205,2400,-634,16685,18451
0.4206420642064207,3992,-711,16704,19985
0.42079207920792083,5472,-761,16748,21459
0.42094209420942097,6937,-774,16819,22982
0.4210921092109211,8445,-772,16899,24572
0.4212421242124213,10040,-808,16938,26170
0.42139213921392144,11630,-896,16936,27670
0.42154215421542157,12992,-959,16940,28973
0.4216921692169217,14212,-938,16972,30246
0.4218421842184219,15706,-866,17021,31861
0.42199219921992204,17315,-823,17076,33568
0.4221422142214222,18504,-831,17114,34787
0.4222922292229223,19585,-844,17136,35877
0.42244224422442245,21036,-820,17186,37402
0.42259225922592264,22426,-750,17250,38926
0.4227422742274228,23416,-682,17279,40013
0.4228922892289229,24468,-645,17290,41113
0.42304230423042305,25660,-652,17312,42320
0.42319231923192324,26420,-685,17306,43041
0.4233423342334234,27046,-604,17282,43724
0.4234923492349235,27046,-604,17282,43724
0.42364236423642365,29148,-361,17393,46180
0.42379237923792384,29148,-361,17393,46180
0.423942394239424,30126,-371,17337,47092
0.4240924092409241,30126,-371,17337,47092
0.42424242424242425,31410,-245,17422,48587
0.42439243924392445,31410,-245,17422,48587
0.4245424542454246,32475,0,17497,49972
0.4246924692469247,32475,0,17497,49972
0.42484248424842486,32764,276,17532,50572
0.42499249924992505,32764,276,17532,50572
0.4251425142514252,32764,499,17510,50773
0.4252925292529253,32764,834,17546,51144
0.42544254425442546,32764,1201,17580,51545
0.42559255925592565,32764,1942,17530,52236
0.4257425742574258,32764,1942,17530,52236
0.4258925892589259,32764,2614,17424,52802
0.42604260426042606,32764,2614,17424,52802
0.42619261926192625,32764,3262,17450,53476
0.4263426342634264,32764,3262,17450,53476
0.4264926492649265,31814,3480,17340,52634
0.42664266426642666,31814,3480,17340,52634
0.4267926792679268,31143,3530,17318,51991
0.426942694269427,30235,3461,17296,50992
0.42709270927092713,29171,3346,17258,49775
0.42724272427242727,28476,3210,17242,48928
0.4273927392739274,27601,2872,17213,47686
0.4275427542754276,26221,2479,17145,45845
0.42769276927692773,25016,2198,17098,44312
0.42784278427842787,23986,1910,17084,42980
0.427992799279928,22670,1568,17052,41290
0.4281428142814282,21255,1210,17024,39489
0.42829282928292833,19931,916,17022,37869
0.42844284428442847,18516,711,17017,36244
0.4285928592859286,17040,519,16999,34558
0.4287428742874288,15598,342,16959,32899
0.42889288928892894,14078,158,16874,31110
0.4290429042904291,12565,-56,16783,29292
0.4291929192919292,11170,-176,16731,27725
0.4293429342934294,9723,-224,16696,26195
0.42949294929492954,8199,-324,16656,24531
0.4296429642964297,6680,-455,16610,22835
0.4297929792979298,5070,-563,16554,21061
0.42994299429943,3433,-598,16505,19340
0.43009300930093014,1976,-574,16483,17885
0.4302430243024303,1976,-574,16483,17885
0.4303930393039304,-933,-676,16384,14775
0.43054305430543055,-2401,-710,16302,13191
0.43069306930693074,-3813,-735,16223,11675
0.4308430843084309,-5306,-762,16169,10101
0.430993099309931,-6773,-762,16158,8623
0.43114311431143115,-8156,-718,16148,7274
0.43129312931293134,-9605,-671,16108,5832
0.4314431443144315,-11146,-704,16051,4201
0.4315931593159316,-12525,-704,16051,2822
0.43174317431743175,-13686,-681,15954,1587
0.43189318931893195,-13686,-681,15954,1587
0.4320432043204321,-16383,-642,15879,-1146
0.4321932193219322,-16383,-642,15879,-1146
0.43234323432343236,-18863,-739,15745,-3857
0.43249324932493255,-18863,-739,15745,-3857
0.4326432643264327,-21498,-743,15685,-6556
0.4327932793279328,-21498,-743,15685,-6556
0.43294329432943296,-23810,-808,15644,-8974
0.43309330933093315,-23810,-808,15644,-8974
0.4332433243324333,-25201,-902,15568,-10535
0.4333933393339334,-26172,-948,15532,-11588
0.43354335433543356,-27090,-972,15531,-12531
0.43369336933693375,-28225,-1048,15519,-13754
0.4338433843384339,-29172,-1165,15510,-14827
0.433993399339934,-29755,-1193,15509,-15439
0.43414341434143416,-30413,-1207,15505,-16115
0.4342934293429343,-31221,-1272,15508,-16985
0.4344434443444345,-31848,-1274,15511,-17611
0.43459345934593463,-32333,-1251,15502,-18082
0.43474347434743477,-32764,-1287,15480,-18571
0.4348934893489349,-32764,-1308,15452,-18620
0.4350435043504351,-32764,-1306,15457,-18613
0.43519351935193523,-32764,-1342,15504,-18602
0.43534353435343537,-32764,-1347,15541,-18570
0.4354935493549355,-32764,-1329,15547,-18546
0.4356435643564357,-32764,-1349,15541,-18572
0.43579357935793583,-32764,-1294,15529,-18529
0.43594359435943597,-32764,-1221,15529,-18456
0.4360936093609361,-32764,-1244,15564,-18444
0.4362436243624363,-32634,-1261,15600,-18295
0.43639363936393644,-32323,-1230,15597,-17956
0.4365436543654366,-31793,-1191,15576,-17408
0.4366936693669367,-30984,-1144,15594,-16534
0.4368436843684369,-30136,-1060,15650,-15546
0.43699369936993704,-29382,-991,15698,-14675
0.4371437143714372,-28646,-957,15726,-13877
0.4372937293729373,-27690,-889,15777,-12802
0.4374437443744375,-26636,-802,15843,-11595
0.43759375937593764,-25592,-725,15890,-10427
0.4377437743774378,-24266,-606,15955,-8917
0.4378937893789379,-23034,-463,16038,-7459
0.43804380438043805,-22385,-418,16029,-6774
0.43819381938193824,-21533,-430,15961,-6002
0.4383438343834384,-21533,-430,15961,-6002
0.4384938493849385,-17641,-149,16126,-1664
0.43864386438643865,-17641,-149,16126,-1664
0.43879387938793885,-15429,-190,16160,541
0.438943894389439,-15429,-190,16160,541
0.4390939093909391,-12267,-114,16145,3764
0.43924392439243926,-12267,-114,16145,3764
0.43939393939393945,-8811,102,16273,7564
0.4395439543954396,-8811,102,16273,7564
0.4396939693969397,-5532,-187,16435,10716
0.43984398439843986,-5532,-187,16435,10716
0.43999399939994005,-3844,-239,16498,12415
0.4401440144014402,-2356,-326,16526,13844
0.4402940294029403,-932,-410,16555,15213
0.44044404440444046,2172,-525,16661,18308
0.44059405940594065,2172,-525,16661,18308
0.4407440744074408,5226,-628,16827,21425
0.4408940894089409,5226,-628,16827,21425
0.44104410441044106,8125,-784,16887,24228
0.44119411941194125,8125,-784,16887,24228
0.4413441344134414,11493,-826,16982,27649
0.44149414941494153,11493,-826,16982,27649
0.44164416441644166,12866,-866,17041,29041
0.4417941794179418,14076,-920,17075,30231
0.441944194419442,15500,-885,17094,31709
0.44209420942094213,17074,-810,17130,33394
0.44224422442244227,18411,-818,17175,34768
0.4423942394239424,19585,-825,17196,35956
0.4425442544254426,20880,-806,17198,37272
0.44269426942694273,22119,-818,17210,38511
0.44284428442844287,23197,-797,17239,39639
0.442994299429943,24366,-708,17274,40932
0.4431443144314432,25514,-655,17290,42149
0.44329432943294333,26287,-682,17270,42875
0.44344434443444347,26992,-639,17266,43619
0.4435943594359436,28062,-521,17341,44882
0.4437443744374438,29009,-461,17424,45972
0.44389438943894394,29490,-427,17411,46474
0.4440444044404441,30074,-353,17375,47096
0.4441944194419442,30848,-251,17406,48003
0.4443444344434444,31249,-180,17444,48513
0.44449444944494454,31548,-118,17456,48886
0.4446444644464447,32303,24,17499,49826
0.4447944794479448,32303,24,17499,49826
0.444944494449445,32764,403,17554,50721
0.44509450945094514,32764,403,17554,50721
0.4452445244524453,32764,868,17502,51134
0.4453945394539454,32764,1174,17490,51428
0.44554455445544555,32764,1555,17474,51793
0.44569456945694574,32764,1914,17472,52150
0.4458445844584459,32764,2219,17480,52463
0.445994599459946,32764,2565,17476,52805
0.44614461446144615,32764,2926,17464,53154
0.44629462946294635,32764,3169,17452,53385
0.4464446444644465,32764,3169,17452,53385
0.4465946594659466,32002,3410,17391,52803
0.44674467446744676,32002,3410,17391,52803
0.44689468946894695,30315,3340,17289,50944
0.4470447044704471,30315,3340,17289,50944
0.4471947194719472,28573,3082,17233,48888
0.44734473447344736,28573,3082,17233,48888
0.44749474947494755,26270,2423,17145,45838
0.4476447644764477,26270,2423,17145,45838
0.4477947794779478,24175,1942,17150,43267
0.44794479447944796,24175,1942,17150,43267
0.44809480948094815,22907,1596,17137,41640
0.4482448244824483,21348,1252,17053,39653
0.4483948394839484,20030,1003,16997,38030
0.44854485448544856,18813,766,16983,36562
0.44869486948694876,17369,541,16946,34856
0.4488448844884489,15827,357,16870,33054
0.44899489948994903,14336,183,16781,31300
0.44914491449144917,12855,19,16711,29585
0.44929492949294936,11364,-97,16678,27945
0.4494449444944495,9867,-166,16659,26360
0.44959495949594963,8410,-238,16628,24800
0.44974497449744977,6984,-357,16587,23214
0.4498949894989499,5432,-482,16540,21490
0.4500450045004501,3778,-539,16472,19711
0.45019501950195023,2258,-550,16399,18107
0.45034503450345037,825,-556,16342,16611
0.4504950495049505,-684,-572,16301,15045
0.4506450645064507,-2147,-614,16284,13523
0.45079507950795084,-3526,-672,16278,12080
0.45094509450945097,-4972,-723,16236,10541
0.4510951095109511,-6446,-747,16193,9000
0.4512451245124513,-7884,-697,16182,7601
0.45139513951395144,-9374,-626,16149,6149
0.4515451545154516,-10913,-629,16064,4522
0.4516951695169517,-12368,-669,15972,2935
0.4518451845184519,-13620,-684,15925,1621
0.45199519951995204,-14834,-680,15906,392
0.4521452145214522,-16208,-690,15866,-1032
0.4522952295229523,-17520,-708,15812,-2416
0.4524452445244525,-18730,-740,15751,-3719
0.45259525952595264,-20170,-788,15681,-5277
0.4527452745274528,-21522,-758,15648,-6632
0.4528952895289529,-22420,-719,15656,-7483
0.4530453045304531,-23537,-787,15646,-8678
0.45319531953195324,-23537,-787,15646,-8678
0.4533453345334534,-26213,-953,15556,-11610
0.4534953495349535,-26213,-953,15556,-11610
0.45364536453645365,-27895,-1059,15551,-13403
0.45379537953795385,-27895,-1059,15551,-13403
0.453945394539454,-29680,-1176,15528,-15328
0.4540954095409541,-29680,-1176,15528,-15328
0.45424542454245426,-31200,-1317,15500,-17017
0.45439543954395445,-31200,-1317,15500,-17017
0.4545454545454546,-32285,-1274,15500,-18059
0.4546954695469547,-32285,-1274,15500,-18059
0.45484548454845486,-32698,-1286,15510,-18474
0.45499549954995505,-32764,-1304,15484,-18584
0.4551455145514552,-32764,-1339,15461,-18642
0.4552955295529553,-32764,-1305,15514,-18555
0.45544554455445546,-32764,-1305,15514,-18555
0.45559555955595565,-32764,-1364,15536,-18592
0.4557455745574558,-32764,-1364,15536,-18592
0.4558955895589559,-32764,-1358,15551,-18571
0.45604560456045606,-32764,-1358,15551,-18571
0.45619561956195626,-32764,-1342,15545,-18561
0.4563456345634564,-32764,-1252,15577,-18439
0.45649564956495653,-32353,-1206,15624,-17935
0.45664566456645667,-31856,-1168,15660,-17364
0.45679567956795686,-31148,-1121,15695,-16574
0.456945694569457,-30192,-1125,15766,-15551
0.45709570957095713,-29401,-1085,15831,-14655
0.45724572457245727,-28870,-1035,15834,-14071
0.4573957395739574,-28007,-994,15846,-13155
0.4575457545754576,-26813,-872,15902,-11783
0.45769576957695773,-25758,-766,15927,-10597
0.45784578457845787,-24599,-680,15945,-9334
0.457995799579958,-23328,-528,15996,-7860
0.4581458145814582,-22467,-474,15982,-6959
0.45829582958295834,-21624,-473,15893,-6204
0.4584458445844585,-19984,-342,15895,-4431
0.4585958595859586,-17982,-192,16018,-2156
0.4587458745874588,-16568,-150,16117,-601
0.45889588958895894,-15556,-146,16118,416
0.4590459045904591,-14305,-122,16094,1667
0.4591959195919592,-12675,-105,16135,3355
0.4593459345934594,-10866,37,16223,5394
0.45949594959495954,-9096,161,16320,7385
0.4596459645964597,-9096,161,16320,7385
0.4597959795979598,-5815,-85,16462,10562
0.45994599459946,-5815,-85,16462,10562
0.46009600960096014,-2493,-269,16612,13850
0.4602460246024603,-1070,-376,16664,15218
0.4603960396039604,192,-462,16654,16384
0.4605460546054606,1746,-490,16647,17903
0.46069606960696075,3543,-538,16709,19714
0.4608460846084609,5164,-591,16800,21373
0.460996099609961,6530,-642,16848,22736
0.46114611461146116,7931,-735,16874,24070
0.46129612961296135,7931,-735,16874,24070
0.4614461446144615,11225,-758,16967,27434
0.4615961596159616,11225,-758,16967,27434
0.46174617461746176,13957,-840,17036,30153
0.46189618961896195,13957,-840,17036,30153
0.4620462046204621,16896,-786,17044,33154
0.4621962196219622,16896,-786,17044,33154
0.46234623462346236,19394,-757,17154,35791
0.46249624962496255,19394,-757,17154,35791
0.4626462646264627,22071,-763,17204,38512
0.4627962796279628,22071,-763,17204,38512
0.46294629462946296,23152,-724,17268,39696
0.46309630963096315,24166,-665,17307,40808
0.4632463246324633,25375,-581,17332,42126
0.4633963396339634,26314,-614,17342,43042
0.46354635463546356,26931,-630,17333,43634
0.46369636963696376,27860,-517,17364,44707
0.4638463846384639,28894,-422,17432,45904
0.46399639963996403,29428,-410,17447,46465
0.46414641464146417,29900,-365,17428,46963
0.46429642964296436,30722,-271,17460,47911
0.4644464446444645,31325,-178,17489,48636
0.46459645964596463,31607,-54,17458,49011
0.46474647464746477,32186,66,17440,49692
0.4648964896489649,32764,178,17468,50410
0.4650465046504651,32764,332,17486,50582
0.46519651965196523,32764,537,17480,50781
0.46534653465346537,32764,830,17480,51074
0.4654965496549655,32764,1161,17474,51399
0.4656465646564657,32764,1495,17451,51710
0.46579657965796584,32764,1846,17442,52052
0.465946594659466,32764,2136,17424,52324
0.4660966096609661,32764,2423,17386,52573
0.4662466246624663,32764,2794,17397,52955
0.46639663966396644,32764,3102,17446,53312
0.4665466546654666,32764,3231,17435,53430
0.4666966696669667,31953,3314,17368,52635
0.4668466846684669,31338,3408,17328,52074
0.46699669966996704,30578,3362,17306,51246
0.4671467146714672,29406,3228,17253,49887
0.4672967296729673,28535,3124,17201,48860
0.4674467446744675,27878,2915,17176,47969
0.46759675967596764,26663,2554,17136,46353
0.4677467746774678,25274,2216,17136,44626
0.4678967896789679,24248,1948,17100,43296
0.4680468046804681,24248,1948,17100,43296
0.46819681968196825,21706,1308,16996,40010
0.4683468346834684,21706,1308,16996,40010
0.4684968496849685,18956,782,16964,36702
0.46864686468646866,18956,782,16964,36702
0.46879687968796885,16084,367,16891,33342
0.468946894689469,16084,367,16891,33342
0.4690969096909691,13138,86,16830,30054
0.46924692469246926,13138,86,16830,30054
0.46939693969396945,10114,-54,16780,26840
0.4695469546954696,10114,-171,16666,26609
0.4696969696969697,8620,-239,16570,24951
0.46984698469846986,7242,-330,16567,23479
0.46999699969997005,5738,-444,16588,21882
0.4701470147014702,2439,-508,16476,18407
0.4702970297029703,2439,-508,16476,18407
0.47044704470447046,-581,-576,16403,15246
0.47059705970597066,-581,-576,16403,15246
0.4707470747074708,-3419,-690,16324,12215
0.47089708970897093,-3419,-690,16324,12215
0.47104710471047107,-4755,-750,16242,10737
0.47119711971197126,-6209,-750,16177,9218
0.4713471347134714,-7683,-738,16146,7725
0.47149714971497153,-9165,-711,16094,6218
0.47164716471647167,-10680,-664,16001,4657
0.47179717971797186,-12137,-688,15920,3095
0.471947194719472,-13410,-691,15906,1805
0.47209720972097213,-14638,-636,15920,646
0.47224722472247227,-16019,-694,15892,-821
0.4723972397239724,-17320,-742,15852,-2210
0.4725472547254726,-18498,-714,15813,-3399
0.47269726972697274,-19904,-782,15750,-4936
0.47284728472847287,-21244,-805,15696,-6353
0.472997299729973,-22202,-765,15680,-7287
0.4731473147314732,-23372,-851,15676,-8547
0.47329732973297334,-24909,-946,15652,-10203
0.4734473447344735,-26115,-984,15616,-11483
0.4735973597359736,-26850,-1024,15601,-12273
0.4737473747374738,-27729,-1088,15579,-13238
0.47389738973897394,-28792,-1187,15536,-14443
0.4740474047404741,-29532,-1204,15521,-15215
0.4741974197419742,-30131,-1169,15523,-15777
0.4743474347434744,-30972,-1218,15490,-16700
0.47449744974497454,-30972,-1218,15490,-16700
0.4746474647464747,-32160,-1276,15458,-17978
0.4747974797479748,-32160,-1276,15458,-17978
0.474947494749475,-32764,-1348,15417,-18695
0.47509750975097514,-32764,-1305,15407,-18662
0.4752475247524753,-32764,-1346,15436,-18674
0.4753975397539754,-32764,-1371,15470,-18665
0.4755475547554756,-32764,-1362,15496,-18630
0.47569756975697575,-32764,-1363,15514,-18613
0.4758475847584759,-32764,-1326,15525,-18565
0.475997599759976,-32764,-1310,15548,-18526
0.4761476147614762,-32764,-1310,15548,-18526
0.47629762976297635,-32764,-1246,15620,-18390
0.4764476447644765,-32764,-1246,15620,-18390
0.4765976597659766,-32056,-1225,15652,-17629
0.47674767476747676,-32056,-1225,15652,-17629
0.47689768976897695,-30242,-1073,15749,-15566
0.4770477047704771,-30242,-1073,15749,-15566
0.4771977197719772,-28920,-1055,15778,-14197
0.47734773477347736,-28920,-1055,15778,-14197
0.47749774977497755,-27132,-895,15854,-12173
0.4776477647764777,-27132,-895,15854,-12173
0.4777977797779778,-26013,-784,15914,-10883
0.47794779477947796,-24640,-664,15993,-9311
0.47809780978097816,-23359,-550,16050,-7859
0.4782478247824783,-22622,-442,16027,-7037
0.47839783978397843,-21879,-370,15925,-6324
0.47854785478547857,-20322,-312,15901,-4733
0.47869786978697876,-18275,-175,16032,-2418
0.4788478847884789,-16668,-88,16168,-588
0.47899789978997903,-15604,-144,16184,436
0.47914791479147917,-14459,-158,16133,1516
0.47929792979297936,-12886,-134,16132,3112
0.4794479447944795,-11051,-24,16212,5137
0.47959795979597963,-9242,160,16324,7242
0.47974797479747977,-7624,104,16408,8888
0.47989798979897996,-6081,-103,16471,10287
0.4800480048004801,-4378,-188,16550,11984
0.48019801980198024,-2658,-256,16611,13697
0.4803480348034804,-1238,-403,16603,14962
0.4804980498049805,15,-500,16562,16077
0.4806480648064807,1529,-526,16586,17589
0.48079807980798084,3290,-539,16691,19442
0.480948094809481,4932,-551,16774,21155
0.4810981098109811,6323,-630,16779,22472
0.4812481248124813,7662,-740,16787,23709
0.48139813981398144,9228,-769,16862,25321
0.4815481548154816,10948,-784,16963,27127
0.4816981698169817,12438,-830,17024,28632
0.4818481848184819,13678,-880,17024,29822
0.48199819981998204,15089,-882,17002,31209
0.4821482148214822,16688,-816,17019,32891
0.4822982298229823,18050,-770,17085,34365
0.4824482448244825,19200,-763,17136,35573
0.48259825982598265,20480,-763,17136,36853
0.4827482748274828,21792,-676,17190,38306
0.4828982898289829,21792,-676,17190,38306
0.4830483048304831,24033,-677,17313,40669
0.48319831983198325,24033,-677,17313,40669
0.4833483348334834,26195,-629,17345,42911
0.4834983498349835,26195,-629,17345,42911
0.4836483648364837,27702,-510,17292,44484
0.48379837983798385,27702,-510,17292,44484
0.483948394839484,29379,-430,17384,46333
0.4840984098409841,29379,-430,17384,46333
0.48424842484248426,29859,-383,17372,46848
0.48439843984398445,30744,-283,17403,47864
0.4845484548454846,31399,-180,17442,48661
0.4846984698469847,31574,-99,17414,48889
0.48484848484848486,32051,-8,17420,49463
0.48499849984998505,32764,378,17568,50710
0.4851485148514852,32764,378,17568,50710
0.4852985298529853,32764,801,17524,51089
0.48544854485448546,32764,801,17524,51089
0.48559855985598566,32764,1460,17531,51755
0.4857485748574858,32764,1460,17531,51755
0.48589858985898593,32764,1808,17506,52078
0.48604860486048607,32764,2138,17506,52408
0.48619861986198626,32764,2446,17512,52722
0.4863486348634864,32764,2766,17488,53018
0.48649864986498653,32764,3050,17472,53286
0.48664866486648667,32764,3224,17452,53440
0.48679867986798686,32188,3336,17390,52914
0.486948694869487,31328,3374,17328,52030
0.48709870987098713,30600,3285,17296,51181
0.48724872487248727,29654,3174,17250,50078
0.48739873987398746,28697,3076,17201,48974
0.4875487548754876,27880,2897,17202,47979
0.48769876987698774,26662,2574,17190,46426
0.4878487848784879,25266,2214,17124,44604
0.487998799879988,24264,1958,17084,43306
0.4881488148814882,23287,1679,17063,42029
0.48829882988298834,21894,1346,17021,40261
0.4884488448844885,20386,1069,16994,38449
0.4885988598859886,19069,771,16964,36804
0.4887488748874888,17728,506,16896,35130
0.48889888988898894,16226,357,16848,33431
0.4890489048904891,14741,250,16846,31837
0.4891989198919892,13324,128,16837,30289
0.4893489348934894,13324,128,16837,30289
0.48949894989498954,10214,-179,16684,26719
0.4896489648964897,10214,-179,16684,26719
0.4897989798979898,7404,-335,16646,23715
0.48994899489949,5904,-405,16604,22103
0.49009900990099015,4268,-464,16512,20316
0.4902490249024903,2742,-502,16452,18692
0.4903990399039904,1284,-521,16433,17196
0.4905490549054906,-263,-533,16389,15593
0.49069906990699075,-1797,-539,16295,13959
0.4908490849084909,-3176,-598,16209,12435
0.490999099909991,-3176,-598,16209,12435
0.4911491149114912,-6050,-705,16156,9401
0.49129912991299135,-6050,-705,16156,9401
0.4914491449144915,-8896,-565,16084,6623
0.4915991599159916,-8896,-565,16084,6623
0.49174917491749176,-11890,-576,15947,3481
0.49189918991899195,-11890,-576,15947,3481
0.4920492049204921,-14406,-668,15904,830
0.4921992199219922,-14406,-668,15904,830
0.49234923492349236,-17108,-648,15885,-1871
0.49249924992499255,-17108,-648,15885,-1871
0.4926492649264927,-18300,-664,15874,-3090
0.49279927992799283,-19777,-736,15788,-4725
0.49294929492949296,-21196,-792,15695,-6293
0.49309930993099316,-22160,-790,15681,-7269
0.4932493249324933,-23210,-804,15691,-8323
0.49339933993399343,-24626,-918,15652,-9892
0.49354935493549357,-25820,-1065,15591,-11294
0.49369936993699376,-26668,-1127,15549,-12246
0.4938493849384939,-27746,-1166,15512,-13400
0.49399939993999403,-28916,-1218,15478,-14656
0.49414941494149417,-29643,-1213,15470,-15386
0.49429942994299436,-30171,-1239,15480,-15930
0.4944494449444945,-30895,-1306,15493,-16708
0.49459945994599464,-31649,-1347,15498,-17498
0.49474947494749477,-32155,-1375,15503,-18027
0.49489948994899496,-32608,-1375,15504,-18479
0.4950495049504951,-32764,-1364,15487,-18641
0.49519951995199524,-32764,-1361,15495,-18630
0.4953495349534954,-32764,-1373,15533,-18604
0.4954995499549955,-32764,-1389,15536,-18617
0.4956495649564957,-32764,-1374,15506,-18632
0.49579957995799584,-32764,-1350,15501,-18613
0.495949594959496,-32764,-1334,15539,-18559
0.4960996099609961,-32764,-1316,15569,-18511
0.4962496249624963,-32764,-1337,15550,-18551
0.49639963996399644,-32764,-1351,15513,-18602
0.4965496549654966,-32598,-1296,15506,-18388
0.4966996699669967,-32042,-1234,15544,-17732
0.4968496849684969,-31211,-1174,15602,-16783
0.49699969996999704,-30353,-1152,15651,-15854
0.4971497149714972,-29612,-1140,15700,-15052
0.4972997299729973,-28982,-1061,15734,-14309
0.4974497449744975,-28982,-1061,15734,-14309
0.49759975997599765,-27187,-880,15765,-12302
0.4977497749774978,-27187,-880,15765,-12302
0.4978997899789979,-24726,-701,15894,-9533
0.4980498049804981,-24726,-701,15894,-9533
0.49819981998199825,-22596,-515,16016,-7095
0.4983498349834984,-22596,-515,16016,-7095
0.4984998499849985,-20548,-383,15909,-5022
0.4986498649864987,-20548,-383,15909,-5022
0.49879987998799885,-16960,-106,16192,-874
0.498949894989499,-16960,-106,16192,-874
0.4990999099909991,-15814,-59,16220,347
0.4992499249924993,-14612,-67,16189,1510
0.49939993999399945,-13060,-145,16213,3008
0.4995499549954996,-11226,-78,16293,4989
0.4996999699969997,-9435,81,16341,6987
0.49984998499849986,-6353,-87,16442,10002
